repetition
90691.9
86938.7
86890.3
86907.3
86925.1
86902.7
86908.5
86945.8
86936.2
86889.3
86917
86895.9
86922.3
86875.7
86899
86962.9
86892.9
86900.5
86909.8
86894.9
86901.7
86925.3
86909.7
86919
86885.4
86910.1
86897.4
86955.7
86893.6
86907.7
86909.5
86909.7
86926.9
86914.4
86895.7
86914.6
86901.2
86914.5
86896.9
86946.8
86910.2
86913.7
86904.6
86919.1
86924.5
86907.1
86912.7
86927.4
86916.8
86933.3
86905.4
86941.1
86896
86890
86915.1
86925.7
86895.7
86881.2
86920.9
86908
86897.7
86902.1
86937.5
86891.4
86891.5
86908.6
86932.9
86892.3
86902.9
86938.1
86910.3
86911.5
86907
86912.8
86948.4
86875.6
86889.9
86920.2
86928.4
86902.8
86900.7
87062.1
86898.6
86911.1
86904.7
86912.7
86906.9
86897.9
86910.2
86920
86892.1
86901.5
86944.3
86936.7
86902.9
86914.3
86915.3
86890.4
86913.7
86917.4
