repetition
155814
151251
151357
151325
151264
151101
151339
151520
151111
151283
151451
151149
151262
151336
150963
151538
151498
151226
151201
151412
151137
151124
151390
151498
151159
151103
151464
151056
151055
151342
151377
151176
151272
151672
151017
151207
153431
153793
153808
153364
151017
152396
151229
151406
151033
151245
151412
151138
151125
151715
151174
151717
151442
151172
151220
151348
151598
151047
151688
151419
151114
151425
151173
151403
151143
151469
151194
151139
151083
152257
151348
151072
151448
151123
151049
151212
151430
151158
151219
151250
151093
151085
151725
151637
151068
151297
151152
151148
151089
151892
151319
151108
151471
151025
151139
151248
151386
151169
151336
151619
