repetition
550534
538497
538896
538455
538745
539008
539037
539123
539307
539129
538687
538589
538511
538529
539532
539005
538395
538759
538392
539290
538437
538669
538421
538640
541021
543437
540145
538487
538627
538661
538927
539217
538937
538407
539179
538610
538619
540168
543824
540708
538928
538606
538603
539176
538959
539269
538679
539076
538746
538806
538886
538982
538573
538945
538915
538913
538736
539289
538993
538872
538645
538993
538808
539067
539039
539331
538855
539261
539738
539483
538864
539040
542315
538944
538913
538758
538459
538574
538507
538643
538911
538468
538807
538508
538971
538659
538779
539177
538590
538550
538514
538597
538674
538934
538619
539225
538687
538777
538917
539156
