repetition
60275.3
57893.4
57892.8
57897
57898
57900.2
57892.8
57893.2
57898.9
57891.9
57882.2
57908.2
57902.3
57897.9
58028
57909.5
57892.3
57901.3
57899.7
57910.8
57888.7
57908
57901.6
57897
57887.8
57908.2
57881
57896.3
57902.1
57892.5
57903.8
57902.7
57909.6
57891.1
57904.1
57900.6
57899.1
57880.9
57913.1
57892.7
57906.5
57899.3
57918
57888.6
57904.8
57977.6
57887.2
57901.2
57889.6
57889.2
57901
57898
57909.6
57902.7
57897.2
57896.6
57888.3
57899.3
57893.3
57904
57918.4
57902.4
57872.8
57910.1
57892.1
57901.5
57879.2
57897.7
57901.8
57889.6
57893.3
57884.7
57902.1
57906.1
57905.8
57896.6
57908.7
57902.3
57898.4
57889.1
57895.5
57892.1
57909
57899.9
57905.3
57892.2
57889.2
57914.3
57885.2
57880.4
57904.7
57902.3
57898.1
57904.6
57908.1
57888.3
57897.5
57896.3
57898.2
57904.8
