repetition
72009.9
69603.1
69584.8
69619.6
69613.6
69594
69618.8
69601.7
69604.9
69608.2
69592.2
69623
69606.6
69591.5
69624.2
69609.5
69605.6
69607.5
69599
69613.7
69604
69610.6
69604.8
69601.7
69608.6
69602.5
69618.1
69604.5
69628
69604
69588.7
69603.2
69622.5
69611.5
69613.5
69604.2
69614.6
69591.2
69597.5
69618.4
69613.7
69614.4
69606.4
69620.7
69619.1
69601.6
69633.3
69605.8
69605.3
69598.4
69601.2
69624.7
69595.3
69589.4
69593.6
69603.5
69620.9
69589.3
69616.9
69606.6
69614.5
69628.1
69608.5
69613.6
69587.6
69591.2
69604
69595.3
69601.7
69616.9
69600.3
69622.2
69613.8
69612.2
69593.6
69609.4
69617.2
69602.1
69608.2
69614.7
69606
69616.2
69597.2
69614
69602.1
69603.5
69616.9
69608.9
69626.5
69624.3
69619.7
69614.8
69589
69604.1
69595.4
69591
69612.1
69607.8
69618.3
69600.1
