repetition
112256
108097
108306
108249
108066
108851
108317
108231
108076
108139
108061
108225
108272
108186
108131
108245
108225
108111
108158
108494
108249
108291
108146
108090
108476
108326
108107
108062
108099
108059
108391
108257
108097
108146
108177
108148
108089
108185
108455
108348
108218
108101
108527
108645
108191
108104
108077
108115
108219
108346
108057
108180
108210
108268
108251
108053
108057
108199
108293
108144
108146
108195
108323
108126
108172
108112
108094
108239
108079
108127
108095
108194
108137
108134
108094
108073
108309
108196
108147
108047
108326
108232
108102
108552
108077
108269
108178
108159
108103
108250
108246
108093
108143
108105
108158
108319
108137
108136
108245
108328
