repetition
276531
270926
270423
270692
270455
270733
270625
270506
271006
270591
270810
270335
270800
270364
270611
270938
270874
270799
271343
270773
270967
270936
270583
270772
270636
271299
270652
270888
270563
271023
270885
270632
271120
270351
271181
270349
270811
270416
271223
270455
270583
271207
271206
270751
270454
270713
270555
270961
270386
270949
270456
271045
270565
270718
270623
270428
270795
270466
271077
270260
270926
270348
270706
270805
271127
270568
270658
270549
271822
270775
270288
270951
270355
270773
270254
271248
270659
270519
271199
270620
270746
270516
270802
270514
271115
271262
271330
270629
270618
271047
271070
271310
270579
270986
271031
271044
270210
271117
270859
270863
