id,time
0,632085805
1,631887388
2,631873243
3,631096399
4,632033139
5,631352863
6,631678419
7,631448370
8,632526651
9,632509712
10,632440697
11,632146185
12,632149144
13,632195742
14,632340498
15,632487139
16,632368725
17,632288251
18,632113699
19,632183365
20,632113427
21,632460528
22,632402592
23,632406666
24,632095610
25,632553817
26,632567060
27,632653092
28,632698356
29,632752941
30,632854334
31,632772922
32,633588640
33,633393618
34,633390694
35,633612156
36,633614728
37,633672159
38,636524863
39,639426415
40,637036536
41,634018281
42,635793840
43,640747593
44,639666078
45,634919405
46,634512472
47,636715479
48,635913270
49,637784781
-1, 31675870398
