id,time
0,632007046
1,631525615
2,631915810
3,630882337
4,631958539
5,631877951
6,631731852
7,631132810
8,631924525
9,631487680
10,632331833
11,632059065
12,632227478
13,632215649
14,632260726
15,632286523
16,632219854
17,632149639
18,632330545
19,632232041
20,632012185
21,632068809
22,632017572
23,632463633
24,632415086
25,632477840
26,632489468
27,632515229
28,632513127
29,632553553
30,632555940
31,633206976
32,632727674
33,633247247
34,633311258
35,633399226
36,633564428
37,640625471
38,639276142
39,636869908
40,633942913
41,635691324
42,647012443
43,639596554
44,634763193
45,634705475
46,633629694
47,636686482
48,635614199
49,637616841
-1, 31680329033
