id,time
0,2834945505
1,2744266511
2,2833958563
3,2833661944
4,2831302502
5,2834062674
6,2834566856
7,2833092217
8,2829939873
9,2833711642
10,2834671808
11,2830655786
12,2833625875
13,2837274596
14,2836923890
15,2836984305
16,2835278905
17,2836049404
18,2834947945
19,2839116330
20,2838564393
21,2838966127
22,2838072713
23,2837734924
24,2838277754
25,2839198446
26,2839460020
27,2839483307
28,2839482020
29,2840086180
30,2840272506
31,2840273114
32,2842098885
33,2845376301
34,2840359252
35,2840485097
36,2841027904
37,2842384215
38,2841846623
39,2840909307
40,2842272113
41,2840598316
42,2841748857
43,2840686451
44,2843220023
45,2840348280
46,2855189398
47,2848193802
48,2846107916
49,2847868845
-1, 141849632381
