id,time
0,2818512746
1,2812185148
2,2809997734
3,2810213414
4,2806010526
5,2808449578
6,2814948471
7,2814342813
8,2815228767
9,2817980672
10,2817775158
11,2816376476
12,2818509493
13,2809717218
14,2818014171
15,2815030923
16,2816484627
17,2818467941
18,2812450160
19,2823821811
20,2822458776
21,2818761518
22,2820961661
23,2824755455
24,2824447579
25,2824872810
26,2825466357
27,2827974561
28,2829644175
29,2830092193
30,2826281709
31,2828408184
32,2827722882
33,2826217694
34,2827839204
35,2826238184
36,2827799425
37,2827054998
38,2832876824
39,2829420614
40,2833053411
41,2827662152
42,2832449494
43,2830940295
44,2825966559
45,2827639905
46,2828226798
47,2830723311
48,2832005999
49,2830422315
-1, 141122905116
