id,time
0,2370182927
1,2369740432
2,2368925978
3,2369424687
4,2369191623
5,2368961589
6,2369878589
7,2369875394
8,2367270215
9,2368751219
10,2368690147
11,2369142794
12,2368853796
13,2367575233
14,2368211150
15,2368882827
16,2367876405
17,2374811140
18,2374659671
19,2374809516
20,2372353758
21,2374740131
22,2374722652
23,2374431011
24,2374700085
25,2374812047
26,2374839353
27,2374897638
28,2374844171
29,2374919062
30,2374909223
31,2374944386
32,2374978867
33,2374951636
34,2375069352
35,2374992861
36,2374989866
37,2375085676
38,2375504754
39,2375184707
40,2375091636
41,2375181829
42,2375232517
43,2376343408
44,2375352256
45,2375639108
46,2375114145
47,2375238666
48,2434783358
49,2376779099
-1, 118706345020
