id,time
0,2833418891
1,2718148149
2,2840114825
3,2836088166
4,2834525781
5,2836420704
6,2836309614
7,2838638205
8,2838207545
9,2839791697
10,2834976624
11,2833970029
12,2834904414
13,2835770294
14,2835798346
15,2842447111
16,2842408792
17,2841750821
18,2841320797
19,2841758328
20,2842152115
21,2841891065
22,2842168198
23,2842884360
24,2842671214
25,2842958216
26,2843633762
27,2844233765
28,2844264842
29,2845643759
30,2845826603
31,2849490461
32,2848765488
33,2848295147
34,2845868740
35,2847173835
36,2848225612
37,2845953619
38,2846156972
39,2848577345
40,2850590920
41,2846847783
42,2844623948
43,2844462290
44,2844996817
45,2845797683
46,2849073458
47,2850677355
48,2851610381
49,2852008252
-1, 142024295579
