id,time
0,2822865787
1,2809745852
2,2821776912
3,2822438064
4,2808634264
5,2808575316
6,2814657163
7,2808733112
8,2818690149
9,2815185821
10,2820204867
11,2820333914
12,2804136510
13,2820099468
14,2818898257
15,2822186383
16,2807087073
17,2818916441
18,2818372988
19,2821344763
20,2814418937
21,2820494981
22,2822329114
23,2820641705
24,2823348172
25,2823551239
26,2824695096
27,2824111187
28,2824278448
29,2824728872
30,2824832561
31,2825475065
32,2825964658
33,2832344387
34,2831333972
35,2830113069
36,2828494311
37,2831468123
38,2827662592
39,2826761070
40,2828692953
41,2829938523
42,2830370850
43,2831375711
44,2827724158
45,2827736154
46,2830187418
47,2830605617
48,2827561221
49,2827800227
-1, 141121925333
