id,time
0,2382811505
1,2342857349
2,2381718562
3,2381474393
4,2381963947
5,2382284915
6,2381424606
7,2382748405
8,2382592225
9,2381717240
10,2382252195
11,2382505495
12,2381785358
13,2381524267
14,2381566723
15,2381392626
16,2382657953
17,2381765741
18,2382906212
19,2382870202
20,2383620384
21,2383009309
22,2383180785
23,2383103277
24,2383377702
25,2383949331
26,2384188221
27,2384605898
28,2385035869
29,2385095883
30,2385099115
31,2385948500
32,2385591062
33,2385618389
34,2385641013
35,2385976300
36,2386029472
37,2385985122
38,2385327506
39,2386037701
40,2385965793
41,2387715718
42,2388896116
43,2387096987
44,2386126786
45,2386090479
46,2386335073
47,2386201868
48,2386085742
49,2387761946
-1, 119167523211
