id,time
0,2832013014
1,2665221613
2,2846347537
3,2845994806
4,2839923311
5,2845488924
6,2846014446
7,2845821997
8,2845315675
9,2846007379
10,2838817186
11,2845840470
12,2843808519
13,2845946990
14,2848152566
15,2847991240
16,2847996637
17,2846558032
18,2846369171
19,2847494093
20,2846652929
21,2848035311
22,2847889259
23,2848317079
24,2848246799
25,2848402444
26,2848619732
27,2848633304
28,2848663999
29,2849231981
30,2851051507
31,2849659486
32,2853198307
33,2849805845
34,2853412404
35,2849892216
36,2849852317
37,2849785644
38,2849992153
39,2855795871
40,2857178060
41,2853109714
42,2853853655
43,2852469607
44,2851861541
45,2853079560
46,2853618788
47,2850107862
48,2855090021
49,2854926406
-1, 142247559887
