id,time
0,2369318137
1,2369293033
2,2369127982
3,2369213483
4,2369240696
5,2369181531
6,2368795805
7,2369047108
8,2368975820
9,2369266514
10,2368938052
11,2369091977
12,2369309992
13,2369509450
14,2369350689
15,2369435898
16,2369451192
17,2369460872
18,2369485623
19,2369436330
20,2369362825
21,2369404829
22,2369507319
23,2369513478
24,2369525075
25,2369553387
26,2369588050
27,2369609008
28,2369560058
29,2369632974
30,2369609423
31,2369662174
32,2369817617
33,2371130184
34,2370792275
35,2369859787
36,2370399086
37,2369887558
38,2370026664
39,2370161429
40,2370232887
41,2369796539
42,2369990576
43,2369980834
44,2369947701
45,2369974129
46,2370232192
47,2369782789
48,2371591690
49,2373662196
-1, 118486727415
