id,time
0,2853886493
1,2556489153
2,2851669702
3,2849221678
4,2852444389
5,2851717572
6,2853574903
7,2848172325
8,2851723954
9,2853329897
10,2857790394
11,2854931655
12,2857185810
13,2855789153
14,2857478110
15,2856675961
16,2856502515
17,2856859408
18,2856224061
19,2855954100
20,2856025892
21,2856400024
22,2856690113
23,2857710270
24,2857558858
25,2858476266
26,2859268589
27,2859320844
28,2859834273
29,2859323010
30,2859692238
31,2859777880
32,2861241246
33,2860270254
34,2860184796
35,2860138151
36,2860088976
37,2861879343
38,2861517631
39,2862149181
40,2862050760
41,2861390223
42,2862065980
43,2862788268
44,2867417521
45,2864518125
46,2867235777
47,2863295279
48,2864015094
49,2864007363
-1, 142613955862
