id,time
0,2821408489
1,2810169565
2,2819821061
3,2821408041
4,2820645073
5,2821381573
6,2814539281
7,2813302603
8,2807378320
9,2819040094
10,2818627454
11,2825826960
12,2824962423
13,2825378251
14,2824913001
15,2821440648
16,2824169635
17,2823369049
18,2824138766
19,2821511336
20,2826917755
21,2825983950
22,2826278847
23,2826619650
24,2826945074
25,2827000388
26,2827075001
27,2827144515
28,2827375293
29,2827847133
30,2827917128
31,2828312356
32,2828692428
33,2834001135
34,2830681188
35,2832660286
36,2829935269
37,2830232226
38,2828927325
39,2830137971
40,2831376206
41,2835367953
42,2836607486
43,2832282065
44,2829607173
45,2829238060
46,2829661504
47,2830746214
48,2831926735
49,2831797734
-1, 141292730696
