id,time
0,2851624293
1,2635669147
2,2851517758
3,2849065518
4,2848078645
5,2851400633
6,2844495948
7,2847481903
8,2847790576
9,2849857741
10,2849889514
11,2847229132
12,2848543844
13,2844021610
14,2845214275
15,2848911180
16,2846580482
17,2839995240
18,2844749019
19,2847168399
20,2847371001
21,2848492007
22,2846788790
23,2851053790
24,2843238322
25,2851799372
26,2852128539
27,2852482820
28,2852903972
29,2853408306
30,2852175053
31,2852716983
32,2853173860
33,2853729169
34,2854265921
35,2855097422
36,2855276187
37,2855435295
38,2855244525
39,2853840898
40,2855466841
41,2853920725
42,2854365374
43,2856877618
44,2858440679
45,2857189744
46,2861628665
47,2859757671
48,2857476777
49,2858195505
-1, 142353229344
