id,time
0,2824027415
1,2793802654
2,2823899406
3,2830408773
4,2824079221
5,2827156377
6,2829887844
7,2826471184
8,2828871581
9,2830162338
10,2828463903
11,2829639278
12,2825531155
13,2824610625
14,2829977244
15,2826302684
16,2828595791
17,2828170475
18,2829558115
19,2830194487
20,2825757842
21,2829695551
22,2830279987
23,2830698461
24,2830902163
25,2831623724
26,2831894498
27,2831632169
28,2832064526
29,2832676279
30,2832459627
31,2832152746
32,2832743771
33,2834038038
34,2834676987
35,2833159664
36,2834111232
37,2834957921
38,2832899813
39,2834027098
40,2833376502
41,2833410959
42,2833179335
43,2836891606
44,2837632967
45,2839195954
46,2837172916
47,2837004289
48,2844965567
49,2838462814
-1, 141533557970
