id,time
0,2826027265
1,2800062348
2,2824782997
3,2822434899
4,2820398826
5,2817339390
6,2825424888
7,2826003757
8,2819836814
9,2825556416
10,2819287620
11,2825621151
12,2823927055
13,2823743832
14,2824728943
15,2825572237
16,2826846552
17,2826659202
18,2826027544
19,2826752096
20,2826406397
21,2828483777
22,2827912853
23,2828100814
24,2827212815
25,2828843843
26,2828983177
27,2829450855
28,2829053883
29,2829052765
30,2829213586
31,2830403053
32,2831303292
33,2832480791
34,2833222148
35,2831247408
36,2835238710
37,2830937582
38,2832148023
39,2831569463
40,2834811993
41,2837534190
42,2830855613
43,2830460558
44,2836178416
45,2830520269
46,2833202408
47,2830506464
48,2832173767
49,2832207888
-1, 141386752972
