id,time
0,2866513286
1,2423004989
2,2865802589
3,2863968912
4,2864549695
5,2862058208
6,2866290987
7,2860860616
8,2864733680
9,2861928248
10,2860657500
11,2862934438
12,2863918097
13,2859843875
14,2862786711
15,2865148236
16,2861471856
17,2868587371
18,2868432981
19,2867331091
20,2868400449
21,2867647651
22,2868362185
23,2868763734
24,2868698733
25,2869124126
26,2869351132
27,2870151675
28,2877617038
29,2872923340
30,2871959263
31,2871264785
32,2879279327
33,2874075633
34,2872671858
35,2876621920
36,2872624010
37,2873417235
38,2873954943
39,2871093218
40,2869358921
41,2884617462
42,2870082520
43,2870907003
44,2871220914
45,2871211372
46,2870741388
47,2873163581
48,2875716992
49,2871679619
-1, 143007527712
