id,time
0,2366725519
1,2365879973
2,2366303489
3,2365802478
4,2366456948
5,2366033792
6,2366509637
7,2366683278
8,2366442172
9,2366371776
10,2366650371
11,2366550157
12,2366653651
13,2366099622
14,2366641773
15,2366595708
16,2366594438
17,2366501140
18,2366194548
19,2366659411
20,2366597142
21,2366147431
22,2366755733
23,2366733777
24,2366731080
25,2366819506
26,2366942189
27,2367139074
28,2366909245
29,2367344944
30,2367017149
31,2366888377
32,2367162226
33,2367464872
34,2367016066
35,2366992076
36,2367636985
37,2367089971
38,2367265279
39,2366993995
40,2367230062
41,2367408824
42,2367285868
43,2367084951
44,2367302499
45,2367286471
46,2371207182
47,2373819654
48,2375041807
49,2377684682
-1, 118369351016
