id,time
0,2818385828
1,2809011926
2,2817290966
3,2810105265
4,2806222958
5,2809575309
6,2812581656
7,2813585543
8,2817716980
9,2807640638
10,2813194252
11,2809658535
12,2806055036
13,2805932101
14,2816794776
15,2816034581
16,2806580490
17,2813895246
18,2814212870
19,2819231305
20,2818566284
21,2822950585
22,2821125361
23,2819446435
24,2823248331
25,2823331104
26,2824486139
27,2824704044
28,2825118411
29,2825118424
30,2829638308
31,2831692310
32,2833867536
33,2825392358
34,2832043796
35,2826985136
36,2830939135
37,2826944996
38,2825306203
39,2826401920
40,2831578071
41,2825566965
42,2825719776
43,2826658387
44,2827715636
45,2827890069
46,2829620884
47,2826486467
48,2829174969
49,2825751572
-1, 141037177939
