id,time
0,2388249844
1,2329657706
2,2383422156
3,2383414964
4,2383666743
5,2384167308
6,2382932700
7,2382868556
8,2383060258
9,2383358494
10,2383823637
11,2383133179
12,2382909895
13,2383400946
14,2383114564
15,2382979656
16,2383805198
17,2384348740
18,2383063824
19,2383374235
20,2383400240
21,2383445408
22,2383046909
23,2383216779
24,2383036370
25,2389208491
26,2389232361
27,2389361055
28,2389396948
29,2389380404
30,2389303345
31,2389475800
32,2389897916
33,2389850488
34,2389568585
35,2389577304
36,2389527797
37,2389851378
38,2389637851
39,2395194691
40,2390316755
41,2389915135
42,2389931688
43,2390727428
44,2390774035
45,2390916385
46,2390806958
47,2390817284
48,2390454078
49,2391496262
-1, 119289520833
