id,time
0,2820146839
1,2808906541
2,2811481839
3,2820089192
4,2813336004
5,2815794833
6,2816079244
7,2816088577
8,2818941346
9,2818400792
10,2809733010
11,2819727484
12,2809601509
13,2810114212
14,2812804383
15,2815466119
16,2808295916
17,2812425339
18,2825276683
19,2824429708
20,2821581015
21,2822787442
22,2824611596
23,2822815195
24,2824965692
25,2825277226
26,2825439283
27,2826042583
28,2826081822
29,2825494948
30,2825754455
31,2825545417
32,2832126420
33,2832227477
34,2829209743
35,2828988575
36,2828323734
37,2830326034
38,2828792431
39,2826829999
40,2831069777
41,2826243972
42,2832374740
43,2827311138
44,2829862781
45,2827817494
46,2829844046
47,2832728059
48,2830248824
49,2828135716
-1, 141136000170
