id,time
0,2825392272
1,2798259082
2,2818186196
3,2824803774
4,2823422516
5,2817888096
6,2818723735
7,2822641913
8,2822142935
9,2828071614
10,2827627721
11,2826360282
12,2826804036
13,2827424298
14,2829589039
15,2829209898
16,2828368940
17,2828144842
18,2828271303
19,2829450397
20,2830587215
21,2830552426
22,2830261572
23,2830650774
24,2831208615
25,2831337209
26,2831529347
27,2834762546
28,2840660097
29,2832556162
30,2836162987
31,2833451242
32,2831809530
33,2840397424
34,2833393163
35,2835531619
36,2837326353
37,2839078810
38,2840614101
39,2837761753
40,2835164731
41,2838427513
42,2833836025
43,2835491285
44,2832965854
45,2836277609
46,2842601259
47,2833431383
48,2832442050
49,2834979241
-1, 141526035297
