id,time
0,2386947991
1,2329071241
2,2385718780
3,2386018131
4,2386446086
5,2382363434
6,2382236116
7,2386585167
8,2384922765
9,2383001712
10,2382638977
11,2385075491
12,2385030695
13,2382938298
14,2385510800
15,2384178646
16,2382767476
17,2389814461
18,2389494848
19,2389716105
20,2388808407
21,2389758511
22,2387537146
23,2386957727
24,2389821875
25,2389848890
26,2389855319
27,2389905139
28,2389993844
29,2390065378
30,2390040469
31,2390083189
32,2390083535
33,2390345805
34,2390394668
35,2390098713
36,2390085893
37,2390596354
38,2390129427
39,2390280283
40,2390177352
41,2390098285
42,2390435988
43,2390650288
44,2390801428
45,2391022191
46,2391549401
47,2390857750
48,2390690828
49,2391602251
-1, 119353055934
