id,time
0,2828428976
1,2726605843
2,2839419990
3,2833794284
4,2833641428
5,2831230986
6,2836236508
7,2838444996
8,2835450533
9,2835254223
10,2839124525
11,2835804559
12,2834873776
13,2833872207
14,2840223200
15,2839571030
16,2839972405
17,2842191004
18,2840369397
19,2840879337
20,2841671164
21,2840864024
22,2841515950
23,2842363610
24,2842597809
25,2842626350
26,2844563459
27,2843086459
28,2842670631
29,2844428202
30,2843697698
31,2843427470
32,2843964808
33,2848038623
34,2848516568
35,2846266681
36,2846585109
37,2849724595
38,2845837286
39,2847649499
40,2850474082
41,2847475543
42,2846104461
43,2845191205
44,2844888015
45,2846081353
46,2845705537
47,2845034013
48,2844906810
49,2846811682
-1, 141978161037
