id,time
0,2820977177
1,2819248011
2,2816397649
3,2819726300
4,2811592803
5,2817441542
6,2819504079
7,2818746303
8,2814430983
9,2818080417
10,2818883915
11,2825442303
12,2823186389
13,2821427641
14,2824585699
15,2825101369
16,2825373926
17,2823018950
18,2821374715
19,2822050622
20,2822914375
21,2826288028
22,2825687654
23,2826148541
24,2826690113
25,2827103320
26,2828059846
27,2827759655
28,2827387696
29,2828501635
30,2829511197
31,2836110931
32,2840012010
33,2828459308
34,2832489006
35,2835704456
36,2828390178
37,2829767966
38,2834918547
39,2829650644
40,2835755574
41,2832729351
42,2832549557
43,2829689996
44,2831679526
45,2829709156
46,2830022367
47,2832302345
48,2832131938
49,2828489196
-1, 141313207533
