id,time
0,2373114303
1,2371047483
2,2372882179
3,2373034561
4,2372701027
5,2373072981
6,2373087274
7,2372806834
8,2373100112
9,2373027749
10,2372405341
11,2372706970
12,2372929345
13,2372927447
14,2369093618
15,2372114396
16,2367781123
17,2373177529
18,2373161246
19,2373235816
20,2373189221
21,2373178390
22,2373199418
23,2373234977
24,2373238856
25,2373266871
26,2373367607
27,2373305566
28,2373412046
29,2373431651
30,2373415112
31,2373439903
32,2373396414
33,2373437038
34,2373454342
35,2373598491
36,2373670712
37,2373686899
38,2373561458
39,2373861879
40,2373885411
41,2373494018
42,2373723597
43,2373565586
44,2374364269
45,2374347458
46,2374472410
47,2376718859
48,2377277987
49,2375214949
-1, 118662820726
