id,time
0,2828570786
1,2825672061
2,2759216969
3,2836865109
4,2835215906
5,2834295480
6,2833070251
7,2833613798
8,2833966364
9,2834870477
10,2833310427
11,2832856369
12,2834059929
13,2835358217
14,2836814986
15,2836138656
16,2829630406
17,2836469441
18,2833296546
19,2830711658
20,2834949201
21,2834929086
22,2833430425
23,2832168595
24,2836992039
25,2837095240
26,2837149486
27,2837217014
28,2840257840
29,2840195684
30,2839440572
31,2837798132
32,2837793019
33,2840015544
34,2838140724
35,2838083117
36,2838423574
37,2837230844
38,2838262301
39,2839592128
40,2840752151
41,2845283544
42,2841975187
43,2842097193
44,2841264277
45,2845898902
46,2841063299
47,2843099348
48,2842235911
49,2843928745
-1, 141770770935
