id,time
0,659707978
1,653455915
2,655359062
3,653690824
4,654094621
5,655533460
6,655021687
7,651953018
8,654055958
9,656164716
10,655098188
11,658176753
12,656075892
13,658989332
14,656070770
15,653584297
16,657235464
17,652352647
18,656915483
19,659357984
20,669399750
21,667401932
22,661812843
23,666157503
24,669822394
25,670875331
26,672736532
27,672489166
28,671807233
29,675729572
30,672903872
31,676334298
32,678554303
33,677633077
34,681761104
35,684047004
36,682368520
37,680969242
38,676570452
39,678971062
40,676254811
41,677038778
42,676851134
43,681024352
44,676523199
45,679488545
46,680052829
47,680523354
48,675742100
49,678582073
-1, 33383321899
