id,time
0,659825738
1,654105817
2,655456828
3,653797534
4,654428084
5,655836121
6,654872128
7,652331844
8,654057938
9,656379637
10,655225860
11,658050293
12,656379575
13,659251188
14,656250116
15,653780242
16,657178753
17,652716766
18,656923092
19,659630427
20,669395830
21,667652349
22,666246920
23,662067662
24,670056266
25,670836633
26,672459134
27,672659519
28,672774316
29,676001161
30,675927970
31,673116928
32,676452375
33,678704773
34,681871525
35,677820221
36,682700693
37,680934354
38,676846036
39,679053337
40,676478443
41,684088695
42,677006030
43,681174283
44,676696349
45,679635542
46,680333791
47,680811021
48,677374263
49,678819619
-1, 33392475773
