id,time
0,660270334
1,653876095
2,655593766
3,653772937
4,654595180
5,656076722
6,654808621
7,652980252
8,653999055
9,656620756
10,654593724
11,659124864
12,659000387
13,656364556
14,654190220
15,659298775
16,657190316
17,653381462
18,657244713
19,668189221
20,665892859
21,661847735
22,664747959
23,670229170
24,669066781
25,670531335
26,672224510
27,672885986
28,673253582
29,674215358
30,676296471
31,678791340
32,677430128
33,676927851
34,678347448
35,676667511
36,676986526
37,677550053
38,676966416
39,678984709
40,676683310
41,679010485
42,681293808
43,681218892
44,682227618
45,679896689
46,680283425
47,681319693
48,682057250
49,695852410
-1, 33420860676
