id,time
0,660088293
1,654693540
2,655443540
3,653843732
4,654638966
5,656007202
6,654482105
7,652709778
8,653938615
9,656334473
10,654585947
11,658512483
12,656564486
13,658895621
14,656235393
15,653962503
16,657237507
17,653224483
18,657011785
19,659225453
20,668007554
21,665973308
22,661557156
23,670021880
24,668981982
25,670446500
26,672091003
27,672732028
28,673405030
29,675929854
30,673197267
31,676076198
32,678572229
33,677978189
34,681903768
35,696840097
36,682758796
37,681005752
38,677268694
39,678957731
40,676478833
41,677436912
42,677413146
43,680959718
44,676802024
45,679674515
46,680198588
47,681072610
48,676636718
49,678782292
-1, 33406798244
