id,time
0,1474538561
1,1278398533
2,1482591270
3,1479806431
4,1481265894
5,1481045288
6,1482336401
7,1482146656
8,1481701097
9,1482444353
10,1482463074
11,1481868942
12,1481335130
13,1480372262
14,1481144530
15,1481937805
16,1482204409
17,1482133422
18,1482534009
19,1481456803
20,1481847822
21,1481740099
22,1480760782
23,1475179584
24,1482673752
25,1482769028
26,1482855786
27,1482949752
28,1483196261
29,1483169494
30,1482942804
31,1482880851
32,1483092829
33,1483298657
34,1483300095
35,1483442210
36,1483507516
37,1483520642
38,1484107507
39,1484176708
40,1484475729
41,1483601157
42,1483845246
43,1484929227
44,1483623225
45,1483555104
46,1485047883
47,1484152864
48,1484006821
49,1512336366
-1, 73944712340
