id,time
0,1463955370
1,1462137188
2,1462818349
3,1463753963
4,1463443099
5,1462931864
6,1462564790
7,1461640751
8,1461258505
9,1465329034
10,1464167130
11,1464941985
12,1464581810
13,1464153626
14,1464293246
15,1464567366
16,1464676157
17,1465152600
18,1465198534
19,1465060315
20,1464871351
21,1465243192
22,1464469140
23,1464596039
24,1464286631
25,1465337749
26,1465424674
27,1465466997
28,1465465500
29,1465705526
30,1465695869
31,1465487091
32,1465752297
33,1466369596
34,1466449089
35,1466632858
36,1465792989
37,1466977036
38,1466405896
39,1467617706
40,1466169373
41,1466431103
42,1466022864
43,1466629801
44,1467164374
45,1466743033
46,1466278820
47,1466710126
48,1465970586
49,1494085059
-1, 73282880230
