id,time
0,1464475821
1,1462535933
2,1462127148
3,1462046930
4,1463903472
5,1464290719
6,1461489658
7,1463984294
8,1463961785
9,1462264486
10,1463942151
11,1463200776
12,1461611827
13,1462738154
14,1463023600
15,1464081208
16,1462714855
17,1464688989
18,1464675795
19,1464521117
20,1464622918
21,1464507784
22,1464484367
23,1464803548
24,1464802476
25,1464943027
26,1464953431
27,1465154300
28,1465255992
29,1465448721
30,1465387399
31,1465174971
32,1465223037
33,1465009065
34,1464993668
35,1465476736
36,1465492995
37,1466185158
38,1466037277
39,1465938687
40,1466351824
41,1465731762
42,1465964203
43,1465875782
44,1466072029
45,1465493609
46,1466295220
47,1466019174
48,1465477545
49,1504408225
-1, 73267867150
