id,time
0,1462317043
1,1460996458
2,1458622252
3,1461143533
4,1461479527
5,1462310608
6,1461243357
7,1461964938
8,1461641675
9,1461598273
10,1461557239
11,1461843933
12,1462245656
13,1462214053
14,1460248952
15,1461597503
16,1460670033
17,1461949122
18,1461727639
19,1461503008
20,1462431831
21,1462425904
22,1462403574
23,1462442747
24,1462528946
25,1462667225
26,1463000554
27,1465068727
28,1464187236
29,1463911704
30,1462785414
31,1462764341
32,1464120906
33,1463875572
34,1465591481
35,1463773103
36,1465070747
37,1463771568
38,1463823699
39,1462886895
40,1463359649
41,1463154017
42,1463950280
43,1463231544
44,1463090153
45,1462792088
46,1464296084
47,1462881422
48,1466169022
49,1509072800
-1, 73180406198
