id,time
0,1470198424
1,1386280214
2,1468429016
3,1475214263
4,1474704932
5,1474753047
6,1474760767
7,1475107993
8,1475207283
9,1473299568
10,1473764940
11,1474894474
12,1475711902
13,1475520520
14,1475627674
15,1475663339
16,1475278543
17,1475685868
18,1475955355
19,1475786429
20,1475898932
21,1475876967
22,1476118715
23,1476115959
24,1476030213
25,1476140729
26,1476243001
27,1476404231
28,1476342296
29,1476314819
30,1476426803
31,1476436296
32,1476555809
33,1476653355
34,1477058422
35,1477889032
36,1477119945
37,1476923196
38,1477416270
39,1477985283
40,1476892605
41,1478783921
42,1478045308
43,1476721913
44,1476697642
45,1478050770
46,1476894275
47,1477104897
48,1477320501
49,1503040090
-1, 73733348730
