id,time
0,1473083999
1,1377931148
2,1471736981
3,1476485000
4,1474048488
5,1476059555
6,1475559418
7,1476346875
8,1475191162
9,1475142108
10,1475147546
11,1475602277
12,1476330559
13,1476009831
14,1475807793
15,1474532765
16,1476309241
17,1475586952
18,1476762604
19,1476720886
20,1476728777
21,1476731512
22,1476919539
23,1476914801
24,1476800684
25,1476926450
26,1476961643
27,1477012960
28,1477212581
29,1477222380
30,1477175587
31,1477219516
32,1477227271
33,1477492532
34,1477160777
35,1477614048
36,1477534188
37,1477687171
38,1477877463
39,1478227895
40,1477948481
41,1478648312
42,1478483115
43,1478670885
44,1478614052
45,1478011124
46,1477920566
47,1478706175
48,1477912372
49,1507666216
-1, 73767626173
