id,time
0,1466700730
1,1445821270
2,1466023024
3,1467916877
4,1467332689
5,1466785900
6,1467446128
7,1467638950
8,1468845820
9,1468370797
10,1468746084
11,1468396652
12,1468653275
13,1468541505
14,1468784826
15,1468138382
16,1468441500
17,1468603588
18,1468057124
19,1468604049
20,1468017856
21,1468640941
22,1469031254
23,1468886208
24,1469109011
25,1469123829
26,1469293279
27,1469329908
28,1469417075
29,1469609993
30,1469846146
31,1469530706
32,1469791364
33,1469596502
34,1469891688
35,1470173087
36,1470049463
37,1470224901
38,1470634437
39,1470486604
40,1470431626
41,1470615617
42,1470767531
43,1471217117
44,1470995443
45,1471355061
46,1470688456
47,1471164483
48,1470810949
49,1496354477
-1, 73462936279
