id,time
0,1464867625
1,1464067076
2,1462840180
3,1464176712
4,1464344997
5,1464605118
6,1464120601
7,1462205774
8,1464866807
9,1463617149
10,1462844825
11,1463108859
12,1462525967
13,1464243365
14,1461347366
15,1463083320
16,1463485885
17,1464393070
18,1463960644
19,1465121396
20,1465108248
21,1465056186
22,1464966730
23,1465103421
24,1465422118
25,1465604148
26,1465678455
27,1465708338
28,1465766867
29,1465980893
30,1466290517
31,1465853206
32,1466276137
33,1466052607
34,1466359074
35,1466373209
36,1466356824
37,1467890569
38,1467026954
39,1469013380
40,1466466679
41,1466431315
42,1466692952
43,1467041228
44,1467337348
45,1466777061
46,1468261319
47,1466689639
48,1466494452
49,1493464086
-1, 73291373043
