id,time
0,5022337085
1,5021635965
2,5018242125
3,5019553606
4,5020352235
5,5021035362
6,5020958255
7,5019410363
8,5021265000
9,5020155134
10,5020352736
11,5020302151
12,5020294853
13,5021519637
14,5021000402
15,5021449980
16,5022283871
17,5022122165
18,5021539352
19,5022571407
20,5022383127
21,5022644604
22,5022619509
23,5022604836
24,5022674156
25,5022696569
26,5023140569
27,5070825871
28,5023517835
29,5023507434
30,5023497741
31,5023295964
32,5023456938
33,5023461957
34,5023837671
35,5023695998
36,5023269155
37,5022710979
38,5023199963
39,5024325258
40,5022795558
41,5023189517
42,5023092902
43,5023856109
44,5023027356
45,5024007833
46,5023982520
47,5023131955
48,5025270287
49,5023279718
-1, 251165384804
