id,time
0,5055200073
1,5053701641
2,5049639795
3,5048518978
4,5049563407
5,5047232378
6,5052266744
7,5048064411
8,5051363969
9,5048365626
10,5048928861
11,5049748766
12,5051510883
13,5052811207
14,5051209132
15,5053853868
16,5021552124
17,5055030151
18,5054844388
19,5054482849
20,5054876890
21,5054818213
22,5054713679
23,5054674978
24,5054938834
25,5055229333
26,5055266136
27,5055434215
28,5055321879
29,5055452859
30,5055732972
31,5055609901
32,5055580749
33,5055470655
34,5055948503
35,5056700330
36,5056691567
37,5056298580
38,5055974797
39,5056473931
40,5056589171
41,5056967365
42,5057516157
43,5057673947
44,5057619803
45,5055754467
46,5057607677
47,5058150505
48,5056184294
49,5056340988
-1, 252679506239
