id,time
0,5084184730
1,4857870204
2,5084168866
3,5082770914
4,5083829935
5,5082616717
6,5083903852
7,5083805075
8,5082757267
9,5082214413
10,5081647638
11,5081436795
12,5083571060
13,5083484071
14,5082179046
15,5083973316
16,5084676350
17,5084612181
18,5084332474
19,5084333907
20,5084613848
21,5084491896
22,5084785104
23,5084719167
24,5084916751
25,5085127905
26,5085153258
27,5085581786
28,5085475850
29,5085246652
30,5085225942
31,5085558398
32,5085469768
33,5085588624
34,5085707157
35,5085959221
36,5086039500
37,5086329189
38,5085934785
39,5085861793
40,5086510524
41,5086296992
42,5085872317
43,5085765428
44,5086037377
45,5086187589
46,5087372008
47,5086789239
48,5091496438
49,5089324084
-1, 254021813505
