id,time
0,5051335996
1,5050916869
2,5049219134
3,5046193913
4,5050461841
5,5048297753
6,5047282132
7,5050194192
8,5020901585
9,5049110894
10,5050533709
11,5047604264
12,5050938838
13,5051287061
14,5051122356
15,5054599458
16,5051516496
17,5053885981
18,5054493792
19,5054508484
20,5053928418
21,5054224234
22,5054436455
23,5053832153
24,5054725810
25,5054819412
26,5054874118
27,5055196868
28,5055060874
29,5055193599
30,5056680561
31,5055721102
32,5057176574
33,5057316854
34,5056190751
35,5057556128
36,5057252341
37,5057803843
38,5057017102
39,5056194169
40,5055513363
41,5057904847
42,5056408725
43,5056040549
44,5056801092
45,5058204950
46,5055919394
47,5057522169
48,5055251473
49,5055989026
-1, 252665163816
