id,time
0,5065369522
1,4977363156
2,5062877906
3,5061003356
4,5062927045
5,5061435690
6,5060549703
7,5061283484
8,5063513220
9,5060257966
10,5061779658
11,5062191270
12,5064143735
13,5061544259
14,5068628404
15,5068608098
16,5068463479
17,5067189889
18,5067935241
19,5067095014
20,5068164008
21,5068434240
22,5067336269
23,5068594022
24,5068662581
25,5068695490
26,5068913369
27,5068767611
28,5068978808
29,5069028409
30,5069386983
31,5070264453
32,5069769381
33,5071738822
34,5071694468
35,5069928125
36,5069722122
37,5069311236
38,5072102011
39,5070686383
40,5070361315
41,5069627157
42,5070568942
43,5069336064
44,5072107477
45,5069997337
46,5070466329
47,5069680445
48,5070253346
49,5069297309
-1, 253286040312
