id,time
0,5083932543
1,4846297398
2,5082048197
3,5081721093
4,5083444702
5,5081970751
6,5082290431
7,5082145154
8,5083567122
9,5081456215
10,5081252653
11,5082088131
12,5083121835
13,5082164656
14,5082913084
15,5085055168
16,5084841028
17,5084419761
18,5084808372
19,5084928214
20,5084101430
21,5085029127
22,5084749628
23,5084529940
24,5084553960
25,5085115117
26,5085279470
27,5085324315
28,5085307015
29,5085558342
30,5085338243
31,5085489702
32,5085787169
33,5085805167
34,5085565109
35,5085720342
36,5085766220
37,5085701580
38,5086179598
39,5103104728
40,5086624080
41,5102569320
42,5102995956
43,5100270070
44,5090987576
45,5102361196
46,5101989708
47,5097830882
48,5102197873
49,5101052259
-1, 254137355689
