id,time
0,5061074768
1,4996631779
2,5057885494
3,5054452790
4,5054565516
5,5053650133
6,5055095025
7,5055659577
8,5060584321
9,5055669371
10,5055187749
11,5059242173
12,5054355585
13,5060369809
14,5056717062
15,5060500277
16,5060569519
17,5060226887
18,5060373296
19,5059906175
20,5060894319
21,5061378495
22,5061225119
23,5061371139
24,5061393160
25,5061607917
26,5061771259
27,5061715573
28,5061625726
29,5061840523
30,5061827094
31,5062500697
32,5061929938
33,5062376556
34,5061990360
35,5062877237
36,5064116505
37,5063222099
38,5063203641
39,5063780794
40,5064717911
41,5065317448
42,5064183577
43,5066953518
44,5065783508
45,5064899579
46,5066956723
47,5067651728
48,5067628123
49,5067215571
-1, 252996675559
