id,time
0,5055286341
1,5017359120
2,5051728755
3,5053930930
4,5054686647
5,5052864223
6,5055215609
7,5048712496
8,5052226580
9,5054909148
10,5052457358
11,5054439358
12,5052643554
13,5052643064
14,5053258792
15,5054569346
16,5055195646
17,5054039323
18,5052790330
19,5051951921
20,5054472166
21,5055024232
22,5055828537
23,5055759751
24,5055844786
25,5056069770
26,5056075035
27,5056398538
28,5056352176
29,5056413634
30,5056640879
31,5056429285
32,5056378252
33,5056529091
34,5056647040
35,5056789130
36,5057327693
37,5058719483
38,5056774308
39,5056859567
40,5058660067
41,5061398216
42,5058730532
43,5057333694
44,5057418990
45,5057351649
46,5058592904
47,5058071424
48,5056896079
49,5057449286
-1, 252740148769
