id,time
0,887569574
1,850460499
2,886899935
3,886602213
4,886221923
5,886772015
6,887424060
7,886069633
8,886574871
9,887374375
10,885567335
11,887166160
12,885995176
13,885407173
14,887427177
15,886932103
16,887060967
17,886346389
18,887650650
19,887633848
20,887621579
21,887589248
22,887811912
23,887761523
24,887949612
25,888146945
26,888298778
27,888333791
28,888562084
29,888546928
30,888452618
31,889734374
32,891364338
33,889667515
34,891174239
35,891156459
36,888814677
37,888790472
38,889521237
39,890426878
40,890586541
41,888966389
42,888911990
43,892249929
44,892911242
45,891488845
46,892941049
47,894569995
48,893609206
49,892522106
-1, 44397641891
