id,time
0,4224493322
1,4189864582
2,4215854009
3,4157864513
4,4067716787
5,4205838488
6,4244050401
7,4238565326
8,4243853628
9,4227939555
10,4243740543
11,4228969405
12,4237291247
13,4227589513
14,4231574935
15,4227457877
16,4225440549
17,4225820949
18,4245743064
19,4245202542
20,4244486047
21,4245416941
22,4244087883
23,4244893208
24,4245399995
25,4246421429
26,4246593843
27,4246704959
28,4247816241
29,4247155916
30,4247445852
31,4249185224
32,4248214766
33,4250964189
34,4246918922
35,4251724764
36,4253382457
37,4251270568
38,4250990385
39,4250981032
40,4253703181
41,4284208478
42,4285940103
43,4268413955
44,4255612915
45,4289380504
46,4286500207
47,4291078204
48,4288374572
49,4287428489
-1, 212105569778
