id,time
0,5108279045
1,5059163659
2,5057095997
3,5057505242
4,5057955240
5,5067589772
6,5107708413
7,5059696160
8,5056218803
9,5058692328
10,5093139038
11,5112010334
12,5109722286
13,5111891189
14,5109962559
15,5110557913
16,5111576677
17,5110438459
18,5111882148
19,5110134881
20,5111239623
21,5112562253
22,5112393678
23,5112628765
24,5112719127
25,5112722349
26,5112936658
27,5114033185
28,5113190922
29,5113258070
30,5113828745
31,5113243343
32,5113313054
33,5113607451
34,5112961217
35,5113427925
36,5113194222
37,5113834350
38,5113844395
39,5112941947
40,5113427818
41,5113323917
42,5113367588
43,5113912436
44,5114527553
45,5115335401
46,5114628492
47,5115352436
48,5114187998
49,5114501299
-1, 255185669809
