id,time
0,5113997889
1,5103714496
2,5111433345
3,5113436249
4,5113494437
5,5113929354
6,5113093319
7,5113972835
8,5113327763
9,5113143462
10,5112245554
11,5112844595
12,5113978950
13,5112924194
14,5113208202
15,5113947720
16,5113434552
17,5112317405
18,5113905179
19,5112375529
20,5114556230
21,5114006139
22,5114299816
23,5114355534
24,5114645902
25,5114776408
26,5114968564
27,5115193754
28,5115174474
29,5115008841
30,5115074995
31,5114868300
32,5114942466
33,5115026899
34,5115281387
35,5119281106
36,5116392452
37,5115414180
38,5127871623
39,5116232922
40,5116360128
41,5116156284
42,5115858861
43,5115791492
44,5116381830
45,5115748285
46,5115894722
47,5116539187
48,5115627089
49,5116596435
-1, 255733053596
