id,time
0,5124600597
1,5034137822
2,5121864767
3,5123520001
4,5123793565
5,5123307169
6,5123561823
7,5124475830
8,5123625033
9,5124409052
10,5124263497
11,5122883540
12,5122636856
13,5123777839
14,5124225674
15,5123148342
16,5124443269
17,5124424800
18,5122996705
19,5124264611
20,5122425641
21,5124269207
22,5124728094
23,5124669679
24,5124791780
25,5124887337
26,5124957759
27,5124979119
28,5125216550
29,5125494016
30,5124964973
31,5125125461
32,5125268850
33,5125438716
34,5125092636
35,5125617926
36,5126123945
37,5126572773
38,5151092540
39,5152965195
40,5140672939
41,5149420258
42,5148182427
43,5126648373
44,5151144391
45,5148974137
46,5152487177
47,5127701716
48,5152521536
49,5153862854
-1, 256390661842
