id,time
0,5122124606
1,5011447773
2,5040153147
3,5039659175
4,5061601728
5,5124081859
6,5124000215
7,5122908396
8,5123247355
9,5122590094
10,5123968863
11,5123574322
12,5123983923
13,5125093585
14,5124680366
15,5125045767
16,5124942063
17,5124733538
18,5124908503
19,5124196021
20,5125005813
21,5124884922
22,5125025010
23,5124945223
24,5125169251
25,5125304924
26,5138668181
27,5125957723
28,5125773950
29,5125519999
30,5126498744
31,5127048193
32,5126844352
33,5125375049
34,5125307127
35,5126184774
36,5126311089
37,5126946485
38,5126455536
39,5127324240
40,5125532405
41,5128554548
42,5127436996
43,5126010102
44,5126671226
45,5126936728
46,5126182363
47,5126853107
48,5125433071
49,5125931604
-1, 255933037516
