id,time
0,5106222856
1,5073927152
2,5103879494
3,5074373506
4,5112270120
5,5110263563
6,5109451570
7,5110971348
8,5111643786
9,5111569785
10,5111830362
11,5108828692
12,5112168072
13,5111825323
14,5112087590
15,5111564431
16,5109357302
17,5110033752
18,5112248467
19,5112661508
20,5112488750
21,5112366443
22,5112809500
23,5112773178
24,5112681729
25,5112993465
26,5113363418
27,5113517957
28,5114167682
29,5114602426
30,5113560092
31,5113714520
32,5114407063
33,5113839036
34,5113597277
35,5114066063
36,5113727419
37,5114175813
38,5113824387
39,5114889147
40,5114811354
41,5115202130
42,5115279788
43,5116213270
44,5114856459
45,5115800346
46,5115684291
47,5116059526
48,5116791026
49,5115305414
-1, 255564750121
