id,time
0,5110501059
1,5105606124
2,5109186982
3,5108038586
4,5108281064
5,5108781902
6,5109798743
7,5107470884
8,5110023037
9,5109914335
10,5107415488
11,5109700628
12,5110281654
13,5109042880
14,5108013249
15,5109139581
16,5107156137
17,5109277801
18,5110464343
19,5111205365
20,5110876929
21,5111133735
22,5111197355
23,5110917535
24,5111364722
25,5111502729
26,5112001765
27,5111983938
28,5112250322
29,5112190639
30,5113128890
31,5112599622
32,5112169088
33,5112013685
34,5112977422
35,5113220696
36,5113920806
37,5113802276
38,5114226085
39,5115740276
40,5115749033
41,5114800495
42,5117439444
43,5115895270
44,5115765539
45,5115513769
46,5115131686
47,5114468737
48,5115140323
49,5124447363
-1, 255592873351
