id,time
0,5072419103
1,5070472362
2,5071387919
3,5071093193
4,5070989019
5,5071922137
6,5071198623
7,5070823940
8,5070731885
9,5071770965
10,5071372331
11,5071579576
12,5071488225
13,5071810105
14,5071483755
15,5068923922
16,5072064691
17,5072025800
18,5070893489
19,5071948367
20,5071134179
21,5072659900
22,5072452158
23,5072792890
24,5072908791
25,5073258369
26,5074103846
27,5083650944
28,5099137552
29,5125379584
30,5125929467
31,5127112620
32,5125413068
33,5127284623
34,5126680236
35,5128326484
36,5126491666
37,5125268461
38,5126517337
39,5126322778
40,5126483297
41,5126125301
42,5125991961
43,5123533841
44,5126844770
45,5126410263
46,5126823332
47,5124274693
48,5126131953
49,5126066100
-1, 254767912708
