id,time
0,5054336565
1,5053228038
2,5052608672
3,5054234617
4,5054202418
5,5105074458
6,5082564475
7,5054628997
8,5054784311
9,5056922116
10,5054788025
11,5056760952
12,5056115305
13,5065927261
14,5104016826
15,5103084827
16,5055821276
17,5103294806
18,5072068411
19,5107318969
20,5105191000
21,5106316415
22,5107539164
23,5107468872
24,5107563610
25,5108006417
26,5108038862
27,5108430553
28,5108528532
29,5108670591
30,5108586864
31,5108753797
32,5108173154
33,5109293018
34,5109609963
35,5111526706
36,5109716393
37,5109852251
38,5109981876
39,5110572643
40,5109504256
41,5109326274
42,5110325454
43,5111273634
44,5109651202
45,5111196374
46,5111130653
47,5109461224
48,5110531473
49,5110814903
-1, 254676822962
