id,time
0,5098163222
1,5083011810
2,5080935926
3,5077955517
4,5079119872
5,5094875882
6,5077730428
7,5077128918
8,5077076180
9,5078391955
10,5079772807
11,5079422544
12,5078909090
13,5078827970
14,5079123506
15,5081767576
16,5076849671
17,5077807370
18,5076992559
19,5081326701
20,5079724249
21,5079165818
22,5079754761
23,5078191139
24,5077947046
25,5100399527
26,5102748251
27,5112495448
28,5108008929
29,5103462412
30,5113576790
31,5117212011
32,5119286990
33,5121811166
34,5121222867
35,5121401364
36,5120341291
37,5121640993
38,5122510885
39,5122453066
40,5122322270
41,5122278931
42,5123546848
43,5138825322
44,5123581415
45,5124169967
46,5125047136
47,5123499330
48,5122611673
49,5123153253
-1, 254987583669
