id,time
0,5083710116
1,5071826428
2,5070005466
3,5081589059
4,5125343412
5,5124905774
6,5123334867
7,5125015371
8,5124269264
9,5124333141
10,5125055567
11,5124852624
12,5124857318
13,5124966855
14,5125108126
15,5125204185
16,5124684948
17,5123527113
18,5124847482
19,5125106114
20,5124130637
21,5124695077
22,5124120424
23,5123845518
24,5124119578
25,5125407182
26,5125434650
27,5125614493
28,5125629387
29,5125566424
30,5125525564
31,5126042221
32,5125733890
33,5125667591
34,5125633919
35,5126443257
36,5126312441
37,5126472673
38,5126515842
39,5127083211
40,5127707157
41,5127757959
42,5126904494
43,5126927610
44,5127973696
45,5128545949
46,5126673823
47,5126726980
48,5129511380
49,5127649079
-1, 256088917916
