id,time
0,5154632202
1,4809955673
2,5154520139
3,5152920350
4,5161237436
5,5161197760
6,5159305285
7,5160673327
8,5160590406
9,5160201661
10,5161223445
11,5161124556
12,5161197008
13,5160699567
14,5159201238
15,5160261325
16,5159701164
17,5158741194
18,5161181444
19,5161539424
20,5161420825
21,5161433685
22,5161421567
23,5161274918
24,5161739089
25,5161754159
26,5162079106
27,5162025362
28,5161762741
29,5162011618
30,5162080245
31,5162096505
32,5162138052
33,5162138925
34,5162251594
35,5162284364
36,5162676214
37,5162381252
38,5162259629
39,5162730162
40,5163342804
41,5163123378
42,5162923013
43,5163131001
44,5163495696
45,5162781724
46,5163085720
47,5162437953
48,5164364684
49,5167626569
-1, 257716379921
