id,time
0,5113980795
1,5105467847
2,5113158430
3,5113427092
4,5113629812
5,5112563007
6,5113826539
7,5113477584
8,5113801662
9,5113768041
10,5113901982
11,5113853108
12,5113343133
13,5112807942
14,5113911936
15,5113885450
16,5113642223
17,5113570819
18,5113973279
19,5114258103
20,5114014195
21,5114117189
22,5114118407
23,5114117602
24,5114257067
25,5114367727
26,5114481081
27,5114524331
28,5114566757
29,5115050753
30,5115243036
31,5115114714
32,5115007698
33,5114838064
34,5114701786
35,5115091740
36,5114792101
37,5115265649
38,5115261668
39,5117028885
40,5116061740
41,5115804997
42,5116250208
43,5115722115
44,5115738836
45,5116279199
46,5117078625
47,5117423089
48,5118131771
49,5117520506
-1, 255726224127
