id,time
0,4449030235
1,4417626751
2,4440658827
3,4447466210
4,4437484844
5,4412822899
6,4438838169
7,4497444736
8,4487445134
9,4486190536
10,4479616205
11,4493048960
12,4454574504
13,4453025317
14,4475063967
15,4480798155
16,4494594371
17,4478829509
18,4459095624
19,4494865152
20,4462436260
21,4493955770
22,4500193963
23,4499628540
24,4504755681
25,4513012097
26,4521508225
27,4514649481
28,4567449407
29,4564893674
30,4531576326
31,4556377247
32,4554418003
33,4525609169
34,4540754936
35,4563237806
36,4559292651
37,4557052815
38,4559669755
39,4540241045
40,4545296632
41,4564042424
42,4559213665
43,4528181986
44,4535646338
45,4556042875
46,4558607980
47,4524609045
48,4536461733
49,4525914772
-1, 225343252932
