id,time
0,4455159536
1,4421728362
2,4441120058
3,4448523665
4,4444202124
5,4437590940
6,4419985033
7,4446262536
8,4512687528
9,4495610848
10,4494674215
11,4478055848
12,4493660091
13,4486338607
14,4482647785
15,4457984417
16,4475261040
17,4501288438
18,4511033834
19,4495686024
20,4462937473
21,4499895877
22,4500965316
23,4458522904
24,4473764723
25,4513373910
26,4514103421
27,4522908313
28,4567578886
29,4563353683
30,4526692731
31,4526111417
32,4555934851
33,4553071475
34,4563980025
35,4568775443
36,4559251959
37,4555950421
38,4560313422
39,4549636614
40,4550512446
41,4551565054
42,4571697238
43,4532611196
44,4565737826
45,4556639431
46,4558292904
47,4524417609
48,4545905896
49,4541594206
-1, 225495600531
