id,time
0,4461978425
1,4419320202
2,4447547956
3,4453800584
4,4456559159
5,4446409610
6,4445040259
7,4418459810
8,4444536742
9,4501905243
10,4479565525
11,4485621468
12,4499604064
13,4493748361
14,4484208195
15,4464623601
16,4479814677
17,4498648430
18,4488699982
19,4470513667
20,4506358735
21,4505945022
22,4502644993
23,4507246054
24,4511925495
25,4518730013
26,4519629632
27,4526693584
28,4575117489
29,4569297048
30,4532251793
31,4535053940
32,4562969511
33,4560804188
34,4532857652
35,4576898384
36,4567058947
37,4561826860
38,4565217605
39,4548065594
40,4547216200
41,4550082912
42,4568678958
43,4542341717
44,4563623405
45,4563964622
46,4566094006
47,4530719607
48,4536823705
49,4538702797
-1, 225635450895
