id,time
0,4478411088
1,4395054850
2,4470591969
3,4467115532
4,4429762732
5,4477695545
6,4460905850
7,4452711963
8,4413511671
9,4387878279
10,4455137320
11,4466437661
12,4417804745
13,4415406097
14,4445527917
15,4450006725
16,4474481446
17,4423733183
18,4449092934
19,4449578029
20,4431537974
21,4497553894
22,4481459032
23,4495744105
24,4499092937
25,4501495632
26,4503302241
27,4507244715
28,4507516814
29,4513761722
30,4507677868
31,4508461000
32,4519243575
33,4515054518
34,4518790655
35,4515614385
36,4518973281
37,4521947995
38,4530168342
39,4530866751
40,4567540733
41,4537586936
42,4533146124
43,4530830618
44,4582733325
45,4529419068
46,4532694858
47,4523268069
48,4541796015
49,4550371813
-1, 224435744562
