repetition
25328.9
25189.3
25171.8
25152.8
25081.1
25185.2
25182.6
25298.4
25095.1
25049.5
25087.3
25846
25049.9
25041.7
25130.8
25217.2
25122.5
25114.1
25101.2
25047.5
25217.8
25809.9
25165.7
25142.5
25112.1
25146.8
25152.1
25100.9
25004.1
25100
25030.3
25180.9
25700
25171.2
25200.6
25098
25136.4
25042.9
25093.6
25146.7
25237.8
25312.8
25231.3
25041.9
25093.6
25135
25308.1
25064.7
25019
25125.8
25202.8
25038.8
25216.9
25573.9
25059
25088
25040.4
25141.4
25112.1
25170.7
25047.7
25264
25066
25165.7
25382.7
25079
25120.6
25071.3
25074.5
25244.6
25012.1
25333.4
25304.1
25049.7
25118
25449.4
25195.2
25105.3
25167.7
25136.2
25154.2
25171.5
25133.9
25216.9
25261.5
25383.2
25073.3
25038
25096.7
25028.6
25138.1
25145.6
25162.1
25112.8
25080.1
25104.5
25086
25116.4
25213.6
25405.4
