repetition
26865.8
26968
26664.1
26748.8
26788.4
26750.7
26763.7
26724.7
27165.3
26869.7
26862.9
27279
26754.3
26684.4
26691.7
26739.7
26745.8
26756.6
26828.2
26772.9
27068.4
26725.2
26752.5
26702
26764.6
26756.7
26822.2
26734.1
26939.7
26787
26752.7
26746.9
26733.3
26821.9
26689.5
26779.3
26738.5
26740.3
27247.4
26751.7
26775.8
26748
26762.1
26770.8
26704.2
26838.1
26906.5
26751.4
26755.9
26750.8
26813.3
27682.1
26780.7
26783.2
26701.3
26761.2
26723.3
26751.7
26776.2
26965.7
27044.6
26801.7
26891
26738.3
26803.5
26756.1
26715.3
26718.9
27099.1
26846.1
26739.2
26748.2
26741.6
26741
26613.6
26805.9
26726.9
26815.6
26783.5
26723.8
27199.7
26812.4
26702.6
26918.7
26817.6
26755.2
26814
26774.4
26717.2
27152.4
27784.9
26738.3
26745.2
26798.5
26677.2
26766.6
26773.1
26741.6
26790.4
26936.7
