repetition
29007.8
28890.7
29117.3
29015.7
29022.3
28972.9
29086.8
28893.7
28898.2
28927.4
29263.7
28995.3
28931.2
28891.6
29062.3
29024.9
28923.3
28986
29006.1
29285.1
29196.1
29141.4
28961.8
28943.2
28982.1
29004.8
29109.9
29156.1
29041.4
28979.8
28994.2
28917.5
28971.7
29081.9
29028.3
29073.4
29325.7
28934.2
28952.5
29112.7
28975.3
29037.2
29029.6
29017.9
29094.6
29823.3
28974.4
28935.7
29013.8
29100.4
29070.2
28997.8
28974.3
29004.6
29066.9
29039.4
28971
29307.4
29018.2
29053.6
29033.2
29025
29010.8
29057.9
29060.1
29031.1
29150.9
29017.6
29043.1
29076.1
28917
29047.6
29028.6
29030.8
29006.6
29030.6
29002.2
29021.3
28854.5
28969.1
28981.6
28977
28997.8
28948.7
29379.8
29022.8
28993
29027
29043.9
28998.8
29010.3
29119.7
29083.4
29065
28967
28986.2
29025.8
29023.5
28992.2
29026.5
