repetition
37114.2
37047.1
37033.4
37239.9
37074.1
37012.9
36999.3
37194.8
37021.4
36989.5
36991.7
37212.9
37029.5
37379.4
38686.3
36973.3
36988.7
36936.6
37125.7
37069.5
37114.9
37037.2
37008.2
37090.1
37179.1
37182
37008.8
37021.6
37141.7
37047.3
37058.3
37073.4
37099.3
37050.4
37014.5
37142.5
37010
37038.8
37028.6
37214.8
36973.9
37192.6
37726.6
36990
37029.5
36975.5
37069
37134.1
37018.1
36938.2
37052.7
36996.4
37175.2
36985.9
37047
36924.7
37628.3
37052.8
37170
37106.9
37040.4
37106.1
36973.9
37752.3
37078.5
37081.3
36949.1
37033
37113.9
37165.8
37106.2
37182
37193.3
37291.2
37076
37205.1
37556.3
37089.8
37000.2
37068.5
37078
37065.6
37164.9
37255.6
37003.2
37942.6
37236.2
37035.6
36986
37026.8
37069.9
37139.5
37578.1
37092.5
37089.4
37211.4
37140.9
36985.1
37089.9
37213.2
