repetition
45774.4
45532.8
45573.1
45581.2
46484
45495.5
45402.8
45506.5
45218.1
45244.9
45801.1
45098.3
45307.6
45288.5
45252.2
45208.3
45803.2
45110.2
44974.9
45110.8
45111.4
45121.4
46015.7
45067.1
45140.6
45185.3
45086.5
45164.6
45290.7
45197.9
45184.6
45218.7
45138.1
45468.7
45620.4
45223.9
45146.8
45063.3
45177.8
45253.9
45160.3
45181
45219.9
45169
45245.5
45157.9
45042.5
45015.7
45218.3
45233.9
45098.1
45122.2
45266.1
45226.2
45379.6
45175.6
45224.9
45078.2
45133.9
45107.7
45218.4
45201.7
45071.8
45106.6
45183.2
45253.7
45139.8
45117.8
45186.6
45202.8
45125.2
45526.9
45507.4
45213.4
45292.1
51439.8
48432.9
45236.1
45099.4
45115.7
45218.5
45060
45149.5
45118.8
45154.9
45175.7
45111.9
45231.4
45345
45149.1
45194.1
45219.2
45172.1
45099
45416.9
45095.4
45021
45182.9
45125.7
45222.1
