repetition
365759
365466
365821
365824
366961
365231
365893
366053
365668
365670
366299
367044
365912
365680
365945
366469
365339
365854
366018
365580
366100
366003
366202
365763
365427
366572
366806
365446
365840
366024
365589
366184
365677
365880
365699
365561
365842
366775
365551
366408
365923
365881
366797
365816
366374
366420
366084
366230
367162
365642
366048
365760
366305
366104
365611
366096
365986
365370
365836
366605
365676
365791
366160
365902
366418
365468
366008
365909
365599
365841
366402
365875
365723
365762
366613
366263
365288
366300
366116
365528
365864
366489
365824
365655
365601
366154
366410
365431
365925
366019
365836
365801
366406
366176
365904
365651
366320
367413
365393
366529
