repetition
61582.4
61570.6
61446.2
61396.5
61372.9
61385.5
61398
61408.1
61575.1
61341.8
61356.5
61436.5
61349.4
61366.5
61327.3
61451
61452.7
61506
61429.5
61366.6
61415.3
61432.1
61453.9
61432.9
61385.2
61401.4
61414.2
61469.5
61393.1
61418.8
61483.8
61303.6
61366.1
61424.2
61554.4
61436.8
61441.1
61433.8
61503.5
61455.8
61414.2
61330
61334.6
61441.6
61391.1
61430.3
61316.4
61366.1
61454.5
61481.7
61409.3
61480
61485.6
61834.3
61327.7
61467.4
61458.3
61324.7
61436.1
61450
61359.3
61343.4
61646.2
61528.9
61467.4
61352.8
61302.6
61475.2
61442.3
61406.8
61431.1
61459.5
61484
61429.3
61442.5
61762.9
61410
61424.2
61522.2
61345.2
61425.4
61472.2
61468.3
61550.8
61404.1
61404.3
61252.8
61380.7
61463.1
61575.8
61454.2
61331.4
61420.2
61447.8
61424.8
61206.6
61394.5
61459.9
61391.1
60825.8
