repetition
99980
100320
99512
98608.3
98271
98311
98444.9
98074.8
98028
97835
97808.9
97600.2
97775.4
97937.3
97650.9
98004.5
97554.3
98607.1
97832.6
98090
97813.8
97957.2
97637.2
98130
97744.4
97580.7
97563
98335.7
98522
98373.3
98223.3
98267
98953.3
98305.7
97833.2
97587.8
97615.8
97544.2
97818
98264.9
97892.5
97649.4
97738.8
97946.4
97828.5
97637
97606.2
97633.4
97821.6
97901.8
97854.1
97603.5
97667.3
97850.1
99423.1
98410.6
98286.8
98282.7
98293.8
98450.1
98070.3
98035.5
98140.3
98281.4
97978.5
97882.9
98320.8
99064.3
99310.6
99097.2
98883.7
98717.4
99200.9
99029.7
98602.5
98182.9
99122.3
98899.7
98585.3
98342.8
98160.9
98291.2
98126
98546.6
97731.2
97838
97703
97703.6
97799
97879.7
97805.1
97807.4
98416.7
97908.8
98412.1
97863.5
97739.7
97582.6
97630.1
97462
