repetition
196312
196159
196389
196177
196542
196137
196309
196399
196115
196632
196209
196247
196446
196160
196500
196134
196301
196643
196668
196783
196155
196338
196432
196370
196633
196354
196428
196863
196265
196709
196563
196617
196559
196233
196469
196295
196141
196458
196274
196210
196460
196507
196462
196372
196405
196328
196210
196339
196618
196028
196733
196074
196549
196434
196188
196776
196086
196285
196356
196124
196756
196069
196241
196427
196348
197845
196158
196479
196570
196107
196627
196154
196165
196427
196375
196523
196149
196691
196476
196216
196589
196188
196125
196459
196151
196325
196313
196204
196431
196398
196575
196733
196067
196348
196602
196326
196661
196203
196385
196473
