repetition
32338.1
32357.3
32305.4
32417.9
32367.2
32321.4
32304.8
32292.2
32247.7
32508.2
32502.2
32226.2
32534.4
32298
32471.2
32224.2
32276.2
32206.6
32249.8
32340.2
33495.1
32206.1
32383.6
32362.9
32406.8
32292.4
32429.9
32417.7
32276.6
32364.2
32288
32507.3
32340.7
32144.2
32177.7
32235.3
32269.3
32381.2
32433.6
32736.4
32276.3
32347.5
32382.9
32355.3
32337.8
32231.1
32245.2
32181
32251.8
32308.7
32355.7
32371.6
32363.5
32232.3
32333.9
32428.1
32373
32255.2
32380.3
32261.4
32384.1
32266.8
32560.2
32276.9
32232.8
32414.7
32352.8
32319.8
32315.1
32208.7
32284
32288
32291.2
32250.7
32348.8
32302
32422.3
32313.5
32439.7
32556.6
32251.4
32275.5
32388.2
32374.9
32331.2
32242
32340.1
32374.8
32446.9
32334.4
32266.4
32269.3
32292.1
32328.7
32433.9
32216.2
32278.4
32259.8
32221.3
32663.4
