id,time
0,1238027184
1,1190297570
2,1237776640
3,1235900162
4,1232449987
5,1236910539
6,1236545842
7,1233364046
8,1237783044
9,1237961812
10,1237624113
11,1239806478
12,1238176356
13,1239592255
14,1238801231
15,1238926836
16,1239458804
17,1239644434
18,1239202138
19,1238108244
20,1238429655
21,1239027023
22,1238237495
23,1240121272
24,1239863720
25,1240296092
26,1240513586
27,1241644472
28,1241506304
29,1241249711
30,1240807181
31,1241718358
32,1242418291
33,1242378659
34,1242862981
35,1241796639
36,1242815352
37,1242057636
38,1242777961
39,1243724030
40,1245977145
41,1244985493
42,1244219691
43,1243146248
44,1243452319
45,1244075464
46,1243297955
47,1243028049
48,1248903201
49,1345002197
-1, 62076694090
