id,time
0,1231380167
1,1227418927
2,1230300269
3,1230605997
4,1231375028
5,1231377879
6,1231274022
7,1230494933
8,1228759420
9,1228516301
10,1229205088
11,1226414324
12,1229556941
13,1230231718
14,1230348432
15,1229596338
16,1230476242
17,1227621865
18,1232519056
19,1231447274
20,1232384814
21,1231597748
22,1232086399
23,1231955777
24,1232501204
25,1232741761
26,1232754379
27,1232840788
28,1232942785
29,1233428029
30,1232999746
31,1233086169
32,1236352162
33,1235359336
34,1236142717
35,1235408080
36,1236134851
37,1233787967
38,1234668446
39,1234379657
40,1234257898
41,1233884980
42,1235187738
43,1235010049
44,1233565989
45,1236549390
46,1237490435
47,1236401935
48,1237215595
49,1341259309
-1, 61733297968
