id,time
0,1247642601
1,1079663783
2,1247100345
3,1246725427
4,1247466329
5,1246263931
6,1247155589
7,1246523798
8,1247176504
9,1246166501
10,1248344072
11,1248290427
12,1248106149
13,1250468205
14,1250029354
15,1248357038
16,1248623459
17,1248604233
18,1250883909
19,1250475076
20,1250668832
21,1250563015
22,1250704336
23,1250834723
24,1251121913
25,1251224938
26,1251446093
27,1254972272
28,1254017670
29,1254700132
30,1253483869
31,1252245573
32,1254774786
33,1252286994
34,1254668002
35,1253203694
36,1253919547
37,1252410021
38,1251589335
39,1253279098
40,1254224778
41,1253146747
42,1253810964
43,1252794066
44,1253300291
45,1256218172
46,1256605997
47,1256181217
48,1255063375
49,1285273771
-1, 62422803221
