id,time
0,1231691685
1,1220476174
2,1230002629
3,1230590818
4,1229555428
5,1233745085
6,1232451129
7,1233351591
8,1232333598
9,1235651488
10,1234054515
11,1234422287
12,1238628845
13,1238253557
14,1238603336
15,1237019315
16,1236785623
17,1238394886
18,1236642654
19,1235653464
20,1237970628
21,1238487994
22,1237954876
23,1238842818
24,1238644068
25,1238965385
26,1239093527
27,1242218733
28,1240416471
29,1241906991
30,1241161841
31,1239560316
32,1240370044
33,1239950950
34,1240162210
35,1239289625
36,1241086502
37,1240477259
38,1239238661
39,1239218348
40,1240465646
41,1240342832
42,1239562390
43,1244104597
44,1249199846
45,1243185209
46,1245852743
47,1243709237
48,1243515183
49,1246567523
-1, 61909835084
