repetition
45728.8
43431.8
43428.6
43426.6
43424.6
43463.8
43431.3
43426.1
43436.8
43452
43436.9
43419.8
43411.7
43443.3
43426.6
43422.1
43442.8
43431.6
43429.4
43418.5
43439.5
43441.6
43436.1
43423.8
43437.5
43414.7
43420.8
43426.4
43418.2
43439.3
43426.2
43429.5
43440.7
43431.9
43434.8
43416.9
43433
43448.6
43433.2
43437.6
43418.1
43426.1
43437.8
43435.8
43426.7
43435.8
43438.6
43421.6
43429
43440.2
43425.1
43423.1
43437
43429.3
43421.6
43427.7
43441.8
43433.1
43425.1
43426.5
43460.3
43404.9
43447.9
43421.8
43433.5
43428.8
43437.2
43432
43422.7
43423.5
43429.5
43434.4
43432.2
43436.2
43425.8
43415
43427.5
43431.3
43422.2
43435.5
43445.6
43425.7
43419.2
43435.1
43433.7
43442.4
43421.8
43435.4
43427.3
43419.9
43427.4
43432.7
43431.9
43435
43429.3
43425.7
43425.9
43427.1
43430.8
43428
