repetition
52800.5
49700.4
49705.3
49706.1
49706.6
49693.7
49711.3
49708.7
49696.4
49709.5
49698.2
49731.3
49702.8
49718.6
49691.2
49723.3
49707.8
49705.3
49703.8
49699.6
49714.7
49699.5
49700.8
49711
49691.1
49710.1
49695
49715.6
49695.9
49696.7
49715.1
49694.4
49735
49809.2
49706.1
49716
49689.7
49717.2
49695.3
49722
49701.7
49713.5
49708.8
49708.7
49703.5
49694.1
49701
49705.2
49711.7
49699.2
49698
49708.1
49710.8
49711.8
49716.8
49698.3
49717.8
49709.4
49705.6
49690.9
49722.2
49706.2
49710.4
49700.8
49699.6
49700.3
49704.6
49713.9
49693.7
49690.6
49700.2
49707.9
49708.9
49721.3
49730.9
49693.9
49717
49707.6
49698.5
49715.7
49709.8
49714
49699.4
49694.4
49716.6
49694.9
49717.3
49697.3
49723.2
49707.7
49699
49702.7
49698.7
49706.5
49699.2
49696.4
49712
49694.6
49691.2
49688.8
