repetition
754107
730266
723953
724372
724345
723423
724463
724598
723913
725353
723547
723757
725061
723621
724314
725110
723844
723498
725264
723739
724592
723520
723665
725093
724681
724163
724421
723587
724766
725057
723100
725146
724338
723283
724996
723360
724482
726142
727595
727081
727814
726821
727078
727284
726998
727964
726823
727338
726937
727032
726940
727896
726778
727661
727343
726848
727320
726683
727152
727660
727431
726870
727958
731875
728779
728531
727064
727631
726496
727411
727048
727063
726625
728080
726462
727076
727372
726905
727603
726744
727073
727592
727848
726864
727736
727295
727128
727015
726657
727491
727274
727332
726792
727014
726486
728059
726509
726876
727621
726695
