id,time
0,2818914668
1,2813506792
2,2816923810
3,2806224342
4,2810228222
5,2816610347
6,2818159767
7,2812410474
8,2806547422
9,2815031080
10,2817723378
11,2823565795
12,2819264495
13,2821888257
14,2820158214
15,2823530547
16,2823265945
17,2825569551
18,2824973232
19,2825098389
20,2824805713
21,2824323082
22,2824781053
23,2824891149
24,2825804141
25,2826041712
26,2826361619
27,2826580814
28,2826668083
29,2827030059
30,2834783493
31,2831936806
32,2833772040
33,2833572213
34,2828146048
35,2831389075
36,2833520519
37,2831274687
38,2833036593
39,2833682315
40,2830230769
41,2829619956
42,2833884249
43,2827946198
44,2835225185
45,2834999133
46,2835656440
47,2862901788
48,2835388728
49,2851661689
-1, 141319513248
