id,time
0,2739464377
1,2735891167
2,2732996957
3,2730184188
4,2735160431
5,2735131982
6,2738866085
7,2731726290
8,2738312449
9,2741501053
10,2740401584
11,2741160788
12,2739889303
13,2739480199
14,2741235610
15,2739597652
16,2741430316
17,2739572087
18,2741299187
19,2741206801
20,2740353112
21,2743028037
22,2742705427
23,2743154512
24,2743574186
25,2743797573
26,2744053614
27,2744543710
28,2745113861
29,2745447001
30,2745290231
31,2745177208
32,2746034834
33,2746134624
34,2746510141
35,2746467515
36,2746648913
37,2747666165
38,2747120690
39,2747955348
40,2747717543
41,2748605670
42,2751833180
43,2751022634
44,2749918384
45,2751897462
46,2752870433
47,2755297323
48,2752142053
49,2752077473
-1, 137178669688
