id,time
0,2831181131
1,2708612810
2,2826132567
3,2839068698
4,2837939124
5,2837769197
6,2837202611
7,2838070819
8,2836341096
9,2831574192
10,2836923170
11,2831447760
12,2843108707
13,2842997856
14,2839095844
15,2842284379
16,2842871359
17,2839867080
18,2841766517
19,2840948592
20,2841708861
21,2842129745
22,2840968116
23,2843681085
24,2843151623
25,2844258591
26,2844740536
27,2845211890
28,2844757425
29,2845321246
30,2844852534
31,2845561286
32,2845586281
33,2845800959
34,2846920887
35,2846772018
36,2847818747
37,2846791728
38,2846390326
39,2846780647
40,2848317569
41,2850383568
42,2852237600
43,2849126379
44,2849529592
45,2848363075
46,2851176149
47,2848335940
48,2860660725
49,2850277453
-1, 142032818165
