id,time
0,2731102646
1,2726604830
2,2727278946
3,2730594808
4,2718312199
5,2727369767
6,2728578470
7,2729839730
8,2720693538
9,2718232141
10,2723662639
11,2735027303
12,2732197183
13,2731406861
14,2734699523
15,2731444784
16,2734841539
17,2731532815
18,2734044008
19,2734604286
20,2732122675
21,2733778749
22,2734166321
23,2732922442
24,2735408356
25,2735635481
26,2735716325
27,2736374175
28,2736489807
29,2736078160
30,2738067539
31,2736943719
32,2738056959
33,2736964492
34,2736492980
35,2736862297
36,2739992875
37,2744051615
38,2743955034
39,2739328221
40,2738367535
41,2741987664
42,2741418775
43,2762213062
44,2739761397
45,2738149393
46,2743943301
47,2739333956
48,2740351263
49,2742788736
-1, 136749795310
