id,time
0,2831628432
1,2683017073
2,2829457274
3,2830977201
4,2841580837
5,2833113581
6,2833026038
7,2832416334
8,2839088336
9,2838392618
10,2841060330
11,2836311501
12,2840058170
13,2840284160
14,2840789430
15,2837932864
16,2842331889
17,2841789039
18,2841683268
19,2841799761
20,2843153275
21,2842526528
22,2842437881
23,2843200518
24,2843248176
25,2843408452
26,2847509463
27,2847347356
28,2845987372
29,2846699838
30,2843907577
31,2843802525
32,2845718132
33,2845007291
34,2845903885
35,2845165168
36,2846174005
37,2845361107
38,2848001784
39,2849594612
40,2848938715
41,2851919105
42,2850370374
43,2849581711
44,2849827655
45,2849540409
46,2850289265
47,2987909565
48,2851143650
49,2854552047
-1, 142144968099
