id,time
0,2815874986
1,2804353324
2,2826350561
3,2823727234
4,2824642545
5,2821535132
6,2824141327
7,2825820940
8,2826321023
9,2825807238
10,2822009933
11,2823990954
12,2824076438
13,2822583336
14,2824016745
15,2825426119
16,2821311429
17,2825108360
18,2823304264
19,2822502660
20,2823079313
21,2827732693
22,2827112104
23,2827805173
24,2827900537
25,2828110877
26,2828125921
27,2829015575
28,2828934848
29,2828161235
30,2828283613
31,2828746245
32,2828975772
33,2829313184
34,2835746702
35,2832328176
36,2831758177
37,2834980136
38,2829589895
39,2831475539
40,2832470868
41,2831597676
42,2835011693
43,2831001581
44,2878514327
45,2831654132
46,2834597355
47,2831994444
48,2831797042
49,2830486968
-1, 141409208470
