id,time
0,2739994074
1,2679021467
2,2737645444
3,2738270984
4,2732985638
5,2730614625
6,2739392198
7,2739298330
8,2735199329
9,2742750663
10,2741589600
11,2741964981
12,2741496920
13,2742087154
14,2740984750
15,2740006035
16,2741739592
17,2740065645
18,2740355579
19,2743135954
20,2742950224
21,2742780915
22,2743701372
23,2743344345
24,2744056178
25,2744057507
26,2744111160
27,2745192232
28,2750474776
29,2746168031
30,2747117685
31,2878529828
32,2746346261
33,2745801714
34,3116775556
35,2745692640
36,2749261641
37,2749570747
38,2748388710
39,2747715190
40,2750027547
41,2924297615
42,2749912665
43,2746525142
44,2748382006
45,2750433808
46,2746096360
47,2749880059
48,2750588278
49,2745843668
-1, 137812625525
