id,time
0,2811476213
1,2798464953
2,2810352540
3,2805816207
4,2807693359
5,2801446577
6,2797075685
7,2798240902
8,2802987858
9,2801257856
10,2802951164
11,2801880146
12,2804551958
13,2806510292
14,2804904827
15,2810383937
16,2805399921
17,2808327762
18,2811383332
19,2808519308
20,2803256021
21,2806037498
22,2805045485
23,2808378884
24,2811738206
25,2812237576
26,2812319402
27,2814258457
28,2813096641
29,2813739768
30,2812402447
31,2816478123
32,2815882288
33,2818688304
34,2820563870
35,2822888046
36,2820642294
37,2818687473
38,2818633929
39,2816569331
40,2818568010
41,2821426317
42,2820712346
43,2817564133
44,2825313994
45,2818437448
46,2826287521
47,2968947086
48,2832187195
49,2831031273
-1, 140761646610
