id,time
0,2745198427
1,2659095815
2,2745107360
3,2745152352
4,2743947214
5,2752988386
6,2752577633
7,2751639908
8,2750820045
9,2748286988
10,2752040038
11,2750211133
12,2748501737
13,2751624390
14,2751893938
15,2748067380
16,2749960921
17,2752245698
18,2752458279
19,2750499706
20,2747675822
21,2750559653
22,2750980665
23,2753450061
24,2753140895
25,2753514167
26,2754017207
27,2755135642
28,2755613988
29,2761411880
30,2758797866
31,2755764865
32,2766869450
33,2770302222
34,2763441904
35,2760990741
36,2764010608
37,2764219266
38,2761400436
39,2755638574
40,2756118420
41,2842708124
42,2757348719
43,2758766329
44,2756763197
45,2807675795
46,2895106293
47,2756835253
48,2756024324
49,2791564217
-1, 137938166417
