id,time
0,2741034202
1,2734495239
2,2737964310
3,2740691917
4,2736742371
5,2740862203
6,2740809227
7,2740288994
8,2735521591
9,2736679723
10,2738129995
11,2735436246
12,2737504666
13,2739249222
14,2739723246
15,2743541028
16,2741502613
17,2741386362
18,2742929178
19,2741956119
20,2743082462
21,2743017272
22,2741595230
23,2741591038
24,2743747629
25,2743774663
26,2743957191
27,2743989416
28,2751367100
29,2756403345
30,2747767371
31,2745731198
32,2745392734
33,2744767652
34,2745300727
35,2751834074
36,2745350972
37,2756697489
38,2750451182
39,2746850887
40,2747560612
41,2750051773
42,2748911895
43,2746622722
44,2747372495
45,2751129437
46,2749842196
47,2753609949
48,2748930377
49,2746624399
-1, 137209776386
