id,time
0,2832914679
1,2682625795
2,2841948241
3,2835881642
4,2834147603
5,2836732685
6,2836453316
7,2834095994
8,2833647642
9,2839563844
10,2841070529
11,2834265434
12,2839058069
13,2841117545
14,2837642316
15,2840990445
16,2840584260
17,2835247887
18,2841427920
19,2840931707
20,2840178040
21,2837142533
22,2837674243
23,2842008028
24,2842039405
25,2842080991
26,2842338023
27,2842138620
28,2843343705
29,2843385249
30,2845474998
31,2844100670
32,2844974231
33,2843825960
34,2844029660
35,2844671763
36,2844753875
37,2844659343
38,2845865013
39,2845991273
40,2846647164
41,2850592302
42,2847117442
43,2848274247
44,2846714805
45,2847847250
46,2983493890
47,2848763163
48,2849265174
49,2912839778
-1, 142142581936
