id,time
0,2810379277
1,2806931649
2,2807761369
3,2801642949
4,2806207232
5,2804218640
6,2798764147
7,2807409440
8,2806608482
9,2801589581
10,2804387750
11,2809037342
12,2808722600
13,2811956332
14,2811015704
15,2810726609
16,2814115114
17,2812926817
18,2813015063
19,2811976734
20,2812756884
21,2813231031
22,2812180068
23,2812084465
24,2815449230
25,2815609597
26,2816147157
27,2819718539
28,2817437847
29,2817642493
30,2816366136
31,2820702405
32,2819785782
33,2818794122
34,2817838908
35,2819657606
36,2819489985
37,2816886047
38,2821276796
39,2824161269
40,2823373324
41,2823339674
42,2824156165
43,2827924825
44,2822075147
45,2825717890
46,2827151508
47,2821779741
48,2821377792
49,2947664083
-1, 140871171604
