id,time
0,2817453090
1,2808162608
2,2815687408
3,2826485587
4,2825310571
5,2822086874
6,2822174414
7,2822706893
8,2820338769
9,2821206614
10,2821877003
11,2826248313
12,2822476042
13,2824762245
14,2826147422
15,2826111182
16,2824284211
17,2824864236
18,2823281947
19,2821888960
20,2823090824
21,2826664195
22,2826585864
23,2827650829
24,2827667466
25,2827852110
26,2828087959
27,2828990680
28,2828517410
29,2829783238
30,2829871529
31,2828538545
32,2829502537
33,2830261968
34,2832355131
35,2831557405
36,2836516258
37,2831056180
38,2832005363
39,2833334030
40,2834976262
41,2835961998
42,2833283244
43,2832698754
44,2830916481
45,2830959206
46,2834031894
47,2837363706
48,2833119248
49,2832124929
-1, 141368881472
