id,time
0,2846777717
1,2464368533
2,2843982800
3,2855746103
4,2851983854
5,2852261891
6,2855134551
7,2848782641
8,2851268750
9,2850712697
10,2853335776
11,2854084111
12,2850469069
13,2855327571
14,2852545873
15,2851200653
16,2849610129
17,2853690906
18,2850411216
19,2857081415
20,2857009635
21,2856485546
22,2856822671
23,2856670767
24,2857261595
25,2857505378
26,2858050899
27,2857640563
28,2858507499
29,2858284419
30,2858279614
31,2859096477
32,2860538608
33,2888574162
34,2869338213
35,2860308247
36,2862969746
37,2861681125
38,2863407254
39,2864821541
40,2860262757
41,2863953670
42,2859895916
43,2861289348
44,2861370709
45,2860581364
46,2859455254
47,3063153618
48,2987604711
49,2927787310
-1, 142877386795
