id,time
0,2756260236
1,2613467983
2,2763212458
3,2761340066
4,2760505363
5,2761664983
6,2761295240
7,2758682089
8,2759130706
9,2762839923
10,2760571137
11,2761478912
12,2765824648
13,2764343548
14,2764053022
15,2765656418
16,2765804844
17,2763638023
18,2763846494
19,2765684205
20,2765603936
21,2767305034
22,2765846191
23,2766587472
24,2767388685
25,2767422963
26,2767470461
27,2767839234
28,2768220458
29,2768087546
30,2812218433
31,2769411009
32,2768245798
33,2770129084
34,2769115603
35,2769697173
36,2771322025
37,2797902600
38,2772347300
39,2768614174
40,2771602590
41,2801582648
42,2769844428
43,2769417583
44,2769914081
45,2772467662
46,2768345648
47,2769164404
48,2769314881
49,2774728762
-1, 138276460615
