id,time
0,2748103787
1,2580860402
2,2746365949
3,2748058572
4,2744077376
5,2754691980
6,2750263408
7,2753565381
8,2751123097
9,2752461520
10,2753639551
11,2750414584
12,2754207891
13,2753795961
14,2751418182
15,2757417856
16,2757076146
17,2756161696
18,2755974619
19,2755051058
20,2755427921
21,2756593452
22,2757180890
23,2755158034
24,2755082220
25,2757602946
26,2757619060
27,2757881990
28,2760248594
29,2760348317
30,2758554420
31,2758118419
32,2760773935
33,2764509314
34,2762636993
35,2760496277
36,2760539000
37,2761629074
38,2762337800
39,2761913360
40,2764027388
41,2761560640
42,2763154288
43,2888553467
44,2769829277
45,2767402735
46,2915779012
47,3155031573
48,2789678598
49,2777990940
-1, 138412391434
