id,time
0,2828278454
1,2657526508
2,2836415909
3,2834112432
4,2834959533
5,2835300042
6,2834293142
7,2835732564
8,2835217655
9,2835437152
10,2836041859
11,2838974119
12,2837870880
13,2838695920
14,2837926812
15,2838836174
16,2838231711
17,2836957649
18,2837138506
19,2840184968
20,2839545125
21,2839467204
22,2839602091
23,2838974398
24,2840362459
25,2840385717
26,2840727035
27,2840858908
28,2840903735
29,2846748052
30,2846720461
31,2845179613
32,2846307712
33,2843350107
34,2852251692
35,2843657512
36,2846033437
37,2845424498
38,2841641761
39,2847428534
40,2844035339
41,2850121388
42,2842859257
43,2843028553
44,2878440038
45,2947946895
46,3049943137
47,2845809122
48,2859662246
49,2848535943
-1, 142224086532
