id,time
0,2813105690
1,2798487509
2,2798497038
3,2811569304
4,2800871645
5,2804135498
6,2812200403
7,2812342881
8,2811797474
9,2810297844
10,2808108568
11,2808248300
12,2812883914
13,2800151270
14,2805910656
15,2801926652
16,2804686962
17,2809288898
18,2805486247
19,2811510577
20,2807043232
21,2813351209
22,2813124698
23,2813166917
24,2813534153
25,2813790334
26,2814653146
27,2814924129
28,2815428780
29,2815891097
30,2816235580
31,2820583543
32,2820153341
33,2817378859
34,2821062439
35,2817371522
36,2819455477
37,2820134843
38,2818070812
39,2818249580
40,2821551603
41,2818073905
42,2821824548
43,2822165045
44,3300878688
45,2829290956
46,2822340337
47,2822592586
48,2827326688
49,2823937422
-1, 141175096165
