id,time
0,2732577143
1,2431449115
2,2741652654
3,2738582448
4,2734048842
5,2740512029
6,2739427834
7,2734265448
8,2740078078
9,2736688878
10,2737639994
11,2736505232
12,2737689867
13,2737048390
14,2734740847
15,2734633221
16,2733452019
17,2740690180
18,2739274525
19,2738087602
20,2743600188
21,2743167927
22,2741959088
23,2742925605
24,2742349622
25,2744080139
26,2747248922
27,3009937308
28,3385318166
29,2771279765
30,2746088389
31,2745218303
32,2747059870
33,2745247196
34,2745153659
35,2747736924
36,3050057319
37,2745995848
38,3453274479
39,2762616650
40,2750938425
41,2883247213
42,2745829869
43,2744967885
44,2747121658
45,2746076771
46,2746653663
47,2748827104
48,2745160909
49,2747219861
-1, 138905405916
