id,time
0,2757920692
1,2637906249
2,2763537810
3,2763046401
4,2762583272
5,2763299598
6,2762938565
7,2762537655
8,2762029483
9,2762023472
10,2760799581
11,2759093405
12,2763220226
13,2763097826
14,2762617761
15,2762239758
16,2762577654
17,2763253575
18,2759473172
19,2758642066
20,2760421247
21,2762435632
22,2764456570
23,2763716544
24,2764561751
25,2764581085
26,2765192912
27,2764727448
28,2765200147
29,2765470300
30,2765416422
31,2768397144
32,2769274631
33,2767037149
34,2768802593
35,2766909794
36,2767171827
37,2769347958
38,2774623807
39,2769904460
40,2767520645
41,2768342687
42,2766103897
43,2767627677
44,2775124703
45,2770064912
46,2765966360
47,2766116617
48,2767299750
49,2765766815
-1, 138120424309
