id,time
0,2736784609
1,2531346802
2,2732710338
3,2741626129
4,2740310193
5,2740442551
6,2747456685
7,2746345093
8,2743518401
9,2744375180
10,2742744853
11,2743719013
12,2747392930
13,2746339330
14,2746874915
15,2742462076
16,2747040551
17,2748367901
18,2748353457
19,2748317585
20,2747778297
21,2747574199
22,2750346799
23,2749385488
24,2748577553
25,2750711293
26,2753839136
27,2751721981
28,2750737082
29,3013267489
30,2894922087
31,2828479789
32,2756074766
33,2863943552
34,2751633154
35,3023489723
36,2759384915
37,2754022515
38,2757262359
39,2757964190
40,2756036405
41,3022205192
42,2897664905
43,2751711829
44,2755047864
45,2755314016
46,2753969701
47,2756346294
48,2755085738
49,2756042807
-1, 138537072426
