id,time
0,2743089268
1,2709387717
2,2743089196
3,2740767556
4,2742056127
5,2749606654
6,2749328625
7,2749076516
8,2746802940
9,2745948229
10,2744061595
11,2746481633
12,2743858431
13,2746005163
14,2747020973
15,2749110318
16,2749377241
17,2745480146
18,2749995386
19,2749812896
20,2749826452
21,2749792982
22,2749901688
23,2750365453
24,2750015919
25,2750786158
26,2751258161
27,2751416485
28,2751654590
29,2754711050
30,2754126117
31,2751825331
32,2754538328
33,2754184072
34,2752245890
35,2752371954
36,2759666477
37,2760939171
38,2759488205
39,2755045993
40,2758711080
41,2755024096
42,2760120500
43,2756260868
44,2756668203
45,2756311885
46,2766251395
47,2756704748
48,2759720083
49,2810137096
-1, 137590429315
