id,time
0,2812356609
1,2804258086
2,2812162833
3,2812258113
4,2808476892
5,2804961571
6,2815841153
7,2814963859
8,2815639299
9,2813188626
10,2813203164
11,2813317270
12,2814804423
13,2817518931
14,2816826772
15,2815943133
16,2816863870
17,2817351300
18,2816061819
19,2818487926
20,2817834183
21,2817935146
22,2817792043
23,2819167134
24,2818650855
25,2819240584
26,2819705386
27,2820828395
28,2819854399
29,2821427498
30,2820123826
31,2821998739
32,2823310972
33,2828464668
34,2827697247
35,2823498183
36,2822789660
37,2822140774
38,2823752223
39,2822959644
40,2824842522
41,2827513538
42,2825457286
43,2822132871
44,2827094272
45,2957065019
46,2825444503
47,2825753370
48,2824011464
49,2989022959
-1, 141251996848
