id,time
0,2830828088
1,2496093292
2,2835733843
3,2833146040
4,2835190216
5,2834555662
6,2832128746
7,2833476200
8,2835464571
9,2833410450
10,2834552203
11,2833489263
12,2831984958
13,2835682609
14,2834295924
15,2838592513
16,2837752051
17,2836561122
18,2836871335
19,2837801082
20,2835846292
21,2836416574
22,2836330183
23,2838676436
24,2839051552
25,2839218453
26,2839229408
27,2840940175
28,2841573318
29,2842426131
30,2839957505
31,2839550134
32,2839891234
33,2839767618
34,2842701986
35,2840123103
36,2840446999
37,2842422851
38,2842869275
39,2842972500
40,2840309505
41,2840281409
42,2844257466
43,2845424868
44,2846349235
45,2844424141
46,2846710179
47,3189586955
48,3082597531
49,3403839928
-1, 142741805586
