id,time
0,2821937516
1,2740621866
2,2821743286
3,2815589495
4,2821653779
5,2820463161
6,2820940564
7,2816114539
8,2818674474
9,2817111085
10,2824411434
11,2822478872
12,2824410608
13,2824211918
14,2824331301
15,2822673352
16,2822787867
17,2823047797
18,2823051345
19,2822941245
20,2823298905
21,2824995001
22,2824606599
23,2825302101
24,2825629142
25,2826094659
26,2826123132
27,2826304330
28,2826364894
29,2826956779
30,2829075817
31,2828807556
32,2827486977
33,2829177976
34,2828573257
35,2828873718
36,2832078895
37,2832974159
38,2837173900
39,2830525202
40,2995886580
41,2833355054
42,2830396808
43,2833983512
44,2830222217
45,2830653050
46,2832289939
47,3161971700
48,2836187856
49,2830098840
-1, 141724666648
