id,time
0,2731326811
1,2717382588
2,2741683977
3,2735665498
4,2741532439
5,2739762470
6,2739039795
7,2737068517
8,2741620897
9,2740972786
10,2738063856
11,2735691304
12,2737572215
13,2736358824
14,2738716030
15,2741457774
16,2738028088
17,2736445150
18,2737495157
19,2737229018
20,2738897433
21,2733808014
22,2742275898
23,2741770869
24,2741842222
25,2742308885
26,2742571943
27,2743327603
28,2743897998
29,2745694483
30,2743993300
31,2747097485
32,2744477773
33,2746811415
34,2744951106
35,2744422596
36,2747346750
37,2753944799
38,2795588430
39,2899240336
40,2751702125
41,2751782446
42,2853741631
43,2748918031
44,2750791369
45,2747711154
46,2748038297
47,2750479568
48,2747865997
49,2747523365
-1, 137425938835
