id,time
0,2749010148
1,2673581235
2,2745113205
3,2747573662
4,2745755401
5,2756012909
6,2751726718
7,2755083266
8,2751611346
9,2749476713
10,2752929280
11,2754081750
12,2752297830
13,2753634125
14,2755402767
15,2750163812
16,2749421126
17,2749112739
18,2757604261
19,2757362608
20,2756874654
21,2757600422
22,2756274376
23,2756900697
24,2757717378
25,2757758902
26,2758015593
27,2763125329
28,2760875413
29,2761532347
30,2758981730
31,2761250251
32,2758971231
33,2761496363
34,2759059277
35,2760074812
36,2770604440
37,2761821019
38,2758342877
39,2763400263
40,2771859732
41,2761017977
42,2762137227
43,2758752327
44,2761697050
45,2758812356
46,2762690684
47,2759544962
48,2830652643
49,2762364211
-1, 137847163900
