id,time
0,2734271357
1,2719763603
2,2733566213
3,2728235471
4,2733685378
5,2733040302
6,2728012839
7,2730763989
8,2733619580
9,2734179800
10,2734185760
11,2741086682
12,2739278860
13,2740019995
14,2740619945
15,2739060761
16,2738092066
17,2736956529
18,2736263286
19,2735861164
20,2739055718
21,2735993259
22,2734846011
23,2734809830
24,2737074894
25,2741532082
26,2741618856
27,2741715836
28,2741631812
29,2741983665
30,2742315000
31,2745050262
32,2743612559
33,2744716369
34,2742316503
35,2742431545
36,2743499010
37,2746771679
38,2763383751
39,2749127137
40,2768858134
41,2746499763
42,2747948947
43,2747876850
44,3046750384
45,2746008514
46,2745605687
47,2763049798
48,2745149706
49,2747222725
-1, 137349022986
