id,time
0,2811093991
1,2809833031
2,2798271574
3,2808942175
4,2806591070
5,2800410398
6,2799697274
7,2797990985
8,2803372709
9,2801309258
10,2803892562
11,2800586689
12,2800305551
13,2809571161
14,2809027039
15,2810242552
16,2803923809
17,2806591473
18,2813499859
19,2811185620
20,2812641911
21,2811860621
22,2812379781
23,2813369281
24,2812315734
25,2813576305
26,2813717317
27,2813860403
28,2814137494
29,2822691852
30,2819849053
31,2816308936
32,2816232128
33,2820912667
34,2814600864
35,2815414964
36,2815385591
37,2827528293
38,2816919442
39,2818498765
40,2822013918
41,2816967218
42,2815615076
43,2815790573
44,2914777769
45,2895312493
46,2816309424
47,2819199392
48,2827396452
49,2816932245
-1, 140788857521
