id,time
0,2851329843
1,2437547817
2,2858716407
3,2856211381
4,2858638575
5,2858572167
6,2858498644
7,2857526990
8,2859458027
9,2859117015
10,2858815106
11,2858902524
12,2859036799
13,2863053894
14,2863017857
15,2862590356
16,2862795891
17,2862619109
18,2861744896
19,2862768545
20,2861949729
21,2862857612
22,2862227985
23,2861247128
24,2863229501
25,2863491275
26,2863571432
27,2863782465
28,2864619657
29,2864217278
30,2864243182
31,2864304663
32,2867544293
33,2868184834
34,2870662787
35,2871345761
36,2866940422
37,2865465835
38,2869343767
39,2869399432
40,2865741393
41,2865454895
42,2864980501
43,2870330535
44,3060179440
45,2865469838
46,2865294053
47,2865571793
48,2874359962
49,2872068814
-1, 142949044722
