id,time
0,2828007583
1,2776643646
2,2827717797
3,2826044859
4,2827444656
5,2824938607
6,2821645084
7,2823403413
8,2818452911
9,2823957514
10,2829394704
11,2828167889
12,2828505268
13,2829029940
14,2830474698
15,2829996091
16,2829398967
17,2829855505
18,2830958524
19,2830787320
20,2832359912
21,2832076869
22,2832245161
23,2831370718
24,2831515729
25,2832580469
26,2832626196
27,2834579811
28,2832862158
29,2835498696
30,2833108648
31,2834279519
32,2832753493
33,2833699091
34,2835172457
35,2834169996
36,2835559992
37,2836074123
38,2838785180
39,2837194042
40,2835801188
41,2838645673
42,2842659873
43,2839830201
44,2836476441
45,2837045337
46,2837360758
47,2839881864
48,2841490804
49,2838771734
-1, 141561303306
