id,time
0,2730820601
1,2725518128
2,2727195036
3,2726725862
4,2729944634
5,2722627492
6,2725506219
7,2727759145
8,2729659919
9,2729596648
10,2728396123
11,2727727781
12,2719675274
13,2727640632
14,2727075996
15,2724434742
16,2733478299
17,2731093860
18,2731440352
19,2732203615
20,2731412476
21,2733088228
22,2732710316
23,2732211776
24,2733499963
25,2733691167
26,2733859777
27,2734003384
28,2734099847
29,2734135316
30,2734605335
31,2736365900
32,2736374716
33,2736624469
34,2739348170
35,2740003358
36,2737456089
37,2736647492
38,2736759497
39,2737696442
40,2737344876
41,2740137972
42,2745461438
43,2749775851
44,2742290819
45,2756130918
46,2740220091
47,3003823965
48,2783543115
49,2875065159
-1, 137136910256
