id,time
0,948691843
1,941614527
2,948099136
3,937494334
4,936769659
5,927548965
6,932967012
7,935095994
8,948386449
9,931981996
10,926799117
11,944883148
12,947782796
13,947868129
14,946212880
15,936856331
16,946633377
17,935641439
18,944969601
19,942139459
20,949549045
21,949087695
22,949934351
23,949749071
24,950453999
25,950488115
26,951974579
27,951914736
28,951469475
29,956330989
30,954526297
31,956100061
32,954712765
33,955946412
34,960302980
35,952899319
36,952805651
37,956143996
38,957258831
39,954643754
40,952822531
41,955990257
42,957911962
43,956012360
44,954412254
45,956661791
46,953989952
47,955951477
48,956531966
49,953514979
-1, 47428529781
