id,time
0,960149321
1,880632181
2,956350050
3,960116356
4,955421162
5,957175372
6,957681933
7,956072279
8,954133305
9,949998584
10,965222337
11,963980905
12,964365967
13,963032978
14,961277978
15,964795062
16,961651272
17,967231224
18,965709098
19,969451959
20,967854481
21,968227928
22,967511524
23,968860645
24,969560916
25,969644268
26,969726187
27,969872745
28,971566212
29,971613517
30,972578264
31,971338570
32,972611327
33,972313055
34,971601300
35,971034486
36,970964678
37,972149218
38,972395259
39,970114745
40,971315251
41,971515569
42,974023494
43,975354054
44,1068596161
45,973256281
46,976658084
47,973046423
48,974709310
49,976192168
-1, 48380657436
