id,time
0,2046876378
1,1972683740
2,2046675852
3,2044304238
4,2045148780
5,2045560478
6,2046309371
7,2045810452
8,2043566229
9,2044794545
10,2046168900
11,2042157984
12,2042306617
13,2046487435
14,2045833907
15,2045213003
16,2042302981
17,2045979712
18,2046760722
19,2047160255
20,2046931673
21,2047040630
22,2046988969
23,2047389450
24,2047199041
25,2047615773
26,2047673650
27,2047828098
28,2048175982
29,2048145098
30,2047871521
31,2048742838
32,2048416918
33,2048907042
34,2048540279
35,2050936447
36,2049979670
37,2049082267
38,2048946916
39,2049425917
40,2049508923
41,2049497630
42,2052212837
43,2054580229
44,2052667550
45,2053937096
46,2057376268
47,2056674385
48,2051547355
49,2053435038
-1, 102329378940
