id,time
0,2126826469
1,1626281958
2,2126727200
3,2180129235
4,2175310868
5,2176011077
6,2126919100
7,2201878646
8,2184479280
9,2180206978
10,2185571790
11,2200625031
12,2181957720
13,2190629027
14,2192317023
15,2189280742
16,2189202859
17,2205088643
18,2203272247
19,2202921709
20,2202982634
21,2204992121
22,2206822058
23,2205279087
24,2205492194
25,2206866380
26,2207038499
27,2207984997
28,2207151068
29,2208431192
30,2208729268
31,2208271156
32,2207394860
33,2240002525
34,2216920909
35,2245308370
36,2209725434
37,2209574077
38,2210446061
39,2211269986
40,2209064459
41,2209977443
42,2245324786
43,2318031912
44,2255188427
45,2254329510
46,2254577529
47,2866195790
48,2424826747
49,2601036482
-1, 110914875825
