id,time
0,2492528871
1,2160218220
2,2497644501
3,2497489058
4,2496991871
5,2496662004
6,2498217380
7,2498074572
8,2498043220
9,2497724240
10,2497659836
11,2497837313
12,2497784913
13,2498849636
14,2498714579
15,2499444382
16,2498984501
17,2499303379
18,2499355696
19,2499428071
20,2499217384
21,2499048147
22,2499637448
23,2499460421
24,2500115886
25,2500498252
26,2500634042
27,2500547780
28,2500620006
29,2500780643
30,2500642980
31,2501326791
32,2501378263
33,2502113773
34,2500840314
35,2501080435
36,2500934957
37,2500854656
38,2501076094
39,2538320426
40,2504162525
41,2502667487
42,2503463251
43,2502167523
44,2502387910
45,2502288533
46,2502229993
47,2502834780
48,2504609983
49,2506103677
-1, 124703002862
