id,time
0,2480980956
1,2442102280
2,2479087577
3,2478711017
4,2479210478
5,2479409326
6,2480751285
7,2480964142
8,2479882982
9,2480704565
10,2480084924
11,2483350451
12,2481856940
13,2482947249
14,2481021012
15,2482504485
16,2482977036
17,2482342189
18,2482595661
19,2481983402
20,2482596230
21,2482230929
22,2483002850
23,2482978477
24,2482767448
25,2483405718
26,2483582916
27,2483796381
28,2484125633
29,2484432795
30,2484931912
31,2484960681
32,2485172744
33,2485245667
34,2485725464
35,2496473988
36,2488358883
37,2488076744
38,2489724289
39,2490056698
40,2488278488
41,2488544442
42,2494257372
43,2492701993
44,2490006918
45,2485578999
46,2487544495
47,2485816787
48,2549748864
49,2522517375
-1, 124280112678
