id,time
0,2477859908
1,2440360779
2,2484349936
3,2482600276
4,2482974972
5,2483619029
6,2484278940
7,2482284982
8,2483322204
9,2479516115
10,2481344070
11,2480371987
12,2483883842
13,2481493686
14,2481296854
15,2482852876
16,2483467373
17,2483467722
18,2483588168
19,2483501410
20,2483179327
21,2484826301
22,2484660441
23,2484536683
24,2484915144
25,2485240958
26,2485465254
27,2485520084
28,2485548215
29,2485627668
30,2485670457
31,2485969529
32,2486155987
33,2490811489
34,2486089478
35,2486256454
36,2487907208
37,2488008015
38,2489348343
39,2488609819
40,2492066443
41,2487639460
42,2490600740
43,2486351362
44,2492564607
45,2487369875
46,2495749046
47,2525321545
48,2501550219
49,2497062897
-1, 124287060127
