id,time
0,2125211824
1,2038153953
2,2122149595
3,2175740756
4,2174836783
5,2173027323
6,2125244327
7,2178003688
8,2176824387
9,2177891186
10,2199173516
11,2181419876
12,2183583670
13,2179862024
14,2192389790
15,2183929748
16,2198364564
17,2189466683
18,2190819021
19,2205269095
20,2201178223
21,2204799707
22,2203896008
23,2203080035
24,2202686993
25,2205492604
26,2205509233
27,2205819214
28,2205964323
29,2206344161
30,2208524066
31,2212388915
32,2209092060
33,2209618475
34,2208485007
35,2208956817
36,2208915809
37,2210189249
38,2210278217
39,2207596277
40,2209982914
41,2209941606
42,2211014663
43,2209408867
44,2208362995
45,2209776403
46,2216154673
47,2528001843
48,2483818630
49,2247339523
-1, 110243981610
