id,time
0,2199541246
1,941821417
2,1025469312
3,2181545962
4,2189501480
5,2178942832
6,2189430956
7,2189903918
8,1841776316
9,2197406381
10,2180629385
11,2197419243
12,2181153381
13,2199437391
14,2199187140
15,2173184748
16,2182243091
17,2206343754
18,2206007331
19,2205084952
20,2204398872
21,2202658081
22,2206021328
23,2203241648
24,2202318514
25,2206474612
26,2207145716
27,2208161741
28,2208052204
29,2208843307
30,2209326912
31,2208466127
32,2209393836
33,2210159579
34,2215125730
35,2210605376
36,2209839908
37,2210036196
38,2210256064
39,2211491196
40,2212378654
41,2210376888
42,2209696754
43,2416304139
44,2319512525
45,2337837310
46,2281547287
47,2255931495
48,2491619228
49,6602167905
-1, 112565421808
