id,time
0,2495184981
1,2151209784
2,2500378282
3,2498481405
4,2496229922
5,2498397723
6,2495554576
7,2497949232
8,2496056894
9,2499408264
10,2497685814
11,2499221171
12,2498813708
13,2496314333
14,2495821587
15,2496867513
16,2499718338
17,2500328787
18,2497488445
19,2498213398
20,2497077165
21,2498334547
22,2498934908
23,2500502214
24,2500825893
25,2500840118
26,2500841479
27,2501222521
28,2501954328
29,2501349451
30,2501388088
31,2501290264
32,2501904984
33,2501399391
34,2501435976
35,2501833810
36,2501795491
37,2502000367
38,2502158967
39,2502321011
40,2503752132
41,2540544483
42,2504103731
43,2506164266
44,2505343751
45,2504663363
46,2503756068
47,2504163565
48,2505223787
49,2504142583
-1, 124710595466
