id,time
0,2148412922
1,1751617791
2,2210022044
3,2150671952
4,2207801384
5,2204742672
6,2202700547
7,2209009677
8,2149160074
9,2230354010
10,2218693736
11,2211641518
12,2218031309
13,2223534741
14,2211431958
15,2225550903
16,2230073093
17,2227543145
18,2220274596
19,2213355792
20,2225473756
21,2218469512
22,2225159928
23,2229821269
24,2230805040
25,2231273733
26,2232579891
27,2232783226
28,2234304464
29,2235433190
30,2234222008
31,2233494033
32,2234806959
33,2234068024
34,2234352968
35,2233410367
36,2235859275
37,2236920872
38,2236127419
39,2236204200
40,2236627713
41,2237140321
42,2237084597
43,2241652098
44,2238779845
45,2297078636
46,2238700527
47,2259460779
48,2241067217
49,2274676621
-1, 110812464878
