id,time
0,2489443378
1,2242913867
2,2495353207
3,2494078368
4,2490667515
5,2491004630
6,2494730001
7,2492778933
8,2492471753
9,2490762672
10,2490256359
11,2494886186
12,2494325060
13,2494667518
14,2493256475
15,2493431416
16,2493411125
17,2493120135
18,2494362402
19,2492809190
20,2491339619
21,2493691403
22,2494103276
23,2495649553
24,2495535281
25,2495726621
26,2495751616
27,2496284833
28,2496143526
29,2495818953
30,2496984571
31,2497463396
32,2496494115
33,2496384717
34,2496601511
35,2500524757
36,2500530373
37,2500622126
38,2499552388
39,2499962924
40,2498794624
41,2496987135
42,2499953951
43,2502520958
44,2498538667
45,2497491451
46,2497851838
47,2538806914
48,2504583826
49,2505719901
-1, 124585148020
