id,time
0,2478869098
1,2478335482
2,2475754977
3,2475498995
4,2478009027
5,2476579727
6,2476607619
7,2478123776
8,2476021743
9,2474276533
10,2476225017
11,2478791666
12,2479793507
13,2479508274
14,2479452047
15,2479449375
16,2479384740
17,2479586884
18,2480103213
19,2479811652
20,2480067553
21,2480050752
22,2480354627
23,2480286129
24,2480390439
25,2480584488
26,2480723976
27,2481199237
28,2481301686
29,2481411913
30,2481581016
31,2481765803
32,2481695258
33,2484032288
34,2482672853
35,2481837608
36,2482152867
37,2483071596
38,2483023965
39,2490936977
40,2492561058
41,2495219574
42,2489146932
43,2496697997
44,2488001658
45,2486039749
46,2486448718
47,2484274947
48,2484403929
49,2519003661
-1, 124121125607
