id,time
0,2485497086
1,2264106220
2,2494623550
3,2490206589
4,2488014228
5,2491366206
6,2492692264
7,2492357007
8,2487305515
9,2491307909
10,2489402719
11,2489838318
12,2490289399
13,2492127744
14,2492646269
15,2492337849
16,2489406841
17,2493796851
18,2492339833
19,2490504448
20,2493953077
21,2492194093
22,2491304911
23,2489188603
24,2486534347
25,2494824804
26,2496095382
27,2496316874
28,2496392372
29,2496105561
30,2496488736
31,2496880508
32,2496502225
33,2496496524
34,2496542235
35,2497596736
36,2497733437
37,2500054348
38,2500286981
39,2499702778
40,2499553693
41,2497364461
42,2500603527
43,2497341207
44,2503649151
45,2514028128
46,2538801664
47,2501101299
48,2503676177
49,2503223864
-1, 124560707466
