id,time
0,2139253322
1,1820868931
2,2138673037
3,2136907074
4,2207294198
5,2193122452
6,2196866088
7,2197497729
8,2205708639
9,2197524289
10,2204960096
11,2205943228
12,2201651847
13,2192127064
14,2194450436
15,2198785999
16,2216783739
17,2215310413
18,2212253298
19,2213065522
20,2215236551
21,2213876990
22,2212006628
23,2217947330
24,2217798863
25,2217999041
26,2218768503
27,2219623766
28,2218781737
29,2220581809
30,2220875189
31,2220425554
32,2220125821
33,2221331204
34,2221216820
35,2222555959
36,2221500974
37,2222244978
38,2223576077
39,2225390176
40,2224512151
41,2225939182
42,2225980613
43,2230159153
44,2226081161
45,2223875687
46,2523772641
47,2414314643
48,2237665321
49,2266108440
-1, 110679322503
