id,time
0,2494603781
1,2158845556
2,2498302262
3,2497463490
4,2497454810
5,2498140259
6,2498112139
7,2496027481
8,2495840352
9,2499961118
10,2499276158
11,2498545602
12,2498720142
13,2499894969
14,2499396028
15,2499471308
16,2499229901
17,2499320021
18,2498418700
19,2499078124
20,2499504776
21,2498994389
22,2499261737
23,2499685618
24,2499850975
25,2499992358
26,2500089468
27,2500113056
28,2500140187
29,2500371827
30,2500798899
31,2500488612
32,2500539890
33,2500845123
34,2500807360
35,2500461050
36,2500797744
37,2500989224
38,2501211865
39,2501595506
40,2501690608
41,2501720504
42,2538973521
43,2502951178
44,2505756988
45,2501823641
46,2502474076
47,2502005177
48,2502684881
49,2504712710
-1, 124697437162
