id,time
0,2497730387
1,2029578863
2,2503226083
3,2501679976
4,2499806756
5,2503185531
6,2501764335
7,2498646915
8,2500978298
9,2502142934
10,2503102002
11,2498920160
12,2501916515
13,2500823282
14,2502993709
15,2502631888
16,2502593304
17,2499724523
18,2499417882
19,2501776424
20,2502294614
21,2500173372
22,2501391642
23,2503390824
24,2503472793
25,2503611456
26,2504130272
27,2504423524
28,2504424008
29,2504653418
30,2505054404
31,2506097958
32,2504235710
33,2504396609
34,2506042810
35,2506351455
36,2505008281
37,2507829040
38,2508085346
39,2510731426
40,2510119510
41,2504897404
42,2509534200
43,2509957381
44,2507659697
45,2510897492
46,2526928310
47,2545140847
48,2514086122
49,2514247050
-1, 124801909568
