id,time
0,2496327553
1,2136743955
2,2496033910
3,2494563822
4,2495458531
5,2495307969
6,2499831956
7,2499067364
8,2498432712
9,2498352219
10,2499651346
11,2499266270
12,2497159996
13,2496580337
14,2498435834
15,2499715155
16,2498075320
17,2498604658
18,2498963012
19,2498784887
20,2500231715
21,2500122559
22,2500527841
23,2500512724
24,2500255769
25,2500544138
26,2501257522
27,2501376619
28,2501926918
29,2503001654
30,2506671803
31,2503629336
32,2501663708
33,2502870125
34,2501451907
35,2501926561
36,2503179319
37,2505546826
38,2506870811
39,2503383003
40,2507020882
41,2504129085
42,2507918592
43,2502724536
44,2503021917
45,2501458396
46,2501510961
47,2508186203
48,2539240973
49,2508834582
-1, 124726356401
