id,time
0,2479827680
1,2479410998
2,2478843218
3,2478289997
4,2478549032
5,2478579685
6,2476063385
7,2477593026
8,2479374353
9,2479366291
10,2477491336
11,2478172749
12,2477642854
13,2478454549
14,2479018027
15,2478528939
16,2478924265
17,2477207389
18,2478036644
19,2480479060
20,2480031180
21,2480210389
22,2479869331
23,2480019713
24,2480056606
25,2480665020
26,2480669795
27,2480856573
28,2481134204
29,2481197003
30,2481887655
31,2481968168
32,2481335952
33,2482601496
34,2482064188
35,2482674206
36,2483638038
37,2484665266
38,2485680139
39,2483489807
40,2485382673
41,2484182982
42,2487042841
43,2496572305
44,2487158445
45,2491734605
46,2491269873
47,2493350422
48,2487993456
49,2520445669
-1, 124129703561
