id,time
0,2192584897
1,2115255482
2,2118748967
3,2120848734
4,2167986279
5,2173438144
6,2191437698
7,2176918486
8,2179107335
9,2166214502
10,2175458744
11,2188722338
12,2191107367
13,2182211250
14,2185125159
15,2175976682
16,2172927338
17,2173311263
18,2197455624
19,2192689378
20,2197431108
21,2196165019
22,2200271567
23,2198173171
24,2200296367
25,2200629722
26,2201102428
27,2202073280
28,2202482199
29,2202863811
30,2202728102
31,2202090978
32,2202161320
33,2202552025
34,2202381530
35,2242448241
36,2205183839
37,2242291047
38,2203525875
39,2205546959
40,2205209282
41,2208750879
42,2207136922
43,2203335629
44,2207284561
45,2202885331
46,2203431100
47,2207137428
48,2242439842
49,2245315177
-1, 109682852573
