id,time
0,2138460675
1,1999302473
2,2136905454
3,2191171805
4,2138514591
5,2187366207
6,2186851307
7,2189301574
8,2202385470
9,2197054859
10,2195954359
11,2194801925
12,2197747136
13,2197138615
14,2195786767
15,2194229871
16,2205698137
17,2205433448
18,2205480994
19,2204425927
20,2213688590
21,2211483617
22,2206037116
23,2210424838
24,2214872269
25,2215792872
26,2216143665
27,2216232700
28,2216218968
29,2217877751
30,2217647328
31,2219705290
32,2217629922
33,2217771152
34,2219351672
35,2216773067
36,2222760533
37,2220970675
38,2222592785
39,2220309387
40,2221939191
41,2223522442
42,2224243175
43,2246291700
44,2255427916
45,2282422459
46,2281470838
47,2226844136
48,2225964604
49,2267067643
-1, 110353491872
