id,time
0,2138301411
1,1653836028
2,2138028000
3,2135132627
4,2195438923
5,2187463064
6,2193926589
7,2184519728
8,2213108522
9,2206771161
10,2206140745
11,2199811446
12,2205429897
13,2199912492
14,2209928268
15,2200287591
16,2212092290
17,2216857488
18,2214015688
19,2215317963
20,2213494863
21,2214835440
22,2214643297
23,2217172758
24,2216919990
25,2217590352
26,2218736836
27,2218668044
28,2218142022
29,2219115489
30,2219543942
31,2219619084
32,2219646703
33,2219810673
34,2221093879
35,2222013569
36,2223023573
37,2222171795
38,2221479858
39,2226628877
40,2248393819
41,2228855546
42,2263841646
43,2427325002
44,2338063227
45,2546433941
46,2322342672
47,2272573855
48,2266283691
49,2318141491
-1, 110942928733
