id,time
0,2145354128
1,1797516408
2,2144695171
3,2205346893
4,2204992758
5,2201977249
6,2204998179
7,2199070389
8,2205165814
9,2145877850
10,2221505496
11,2217261541
12,2216348267
13,2207131032
14,2218758552
15,2215445174
16,2219209814
17,2221001014
18,2221961805
19,2221770155
20,2226958824
21,2222398337
22,2226007322
23,2225798314
24,2227564251
25,2229158462
26,2229808059
27,2230495288
28,2230567752
29,2230820856
30,2231583106
31,2331884055
32,2239529735
33,2232609537
34,2233438796
35,2232457235
36,2236020428
37,2231439517
38,2230922781
39,2234044722
40,2233212177
41,2233640748
42,2233931485
43,2233392408
44,2232642702
45,2231778630
46,2236603215
47,2235260341
48,2237794742
49,2272597059
-1, 110729750468
