id,time
0,2478018193
1,2477348347
2,2476733045
3,2477435132
4,2473548845
5,2477287289
6,2476833447
7,2475527816
8,2475466281
9,2477235513
10,2477659679
11,2477095102
12,2476878835
13,2477770593
14,2477321297
15,2476055680
16,2474754882
17,2476416895
18,2478348952
19,2478142122
20,2478303566
21,2478106919
22,2478331033
23,2478466508
24,2478517868
25,2478595400
26,2478731784
27,2479090832
28,2479554383
29,2479843852
30,2480945715
31,2480937496
32,2480258924
33,2481676121
34,2480378192
35,2481760859
36,2505586586
37,2482528067
38,2487471398
39,2485104902
40,2488361774
41,2492352372
42,2491169563
43,2494722332
44,2485994307
45,2495210189
46,2483085700
47,2483673809
48,2482632498
49,2520513376
-1, 124087787356
