id,time
0,2169010056
1,2119438154
2,2120925897
3,2117577269
4,2168598153
5,2178368839
6,2170997016
7,2173843770
8,2175539509
9,2177561326
10,2173187064
11,2178304071
12,2195183314
13,2195118285
14,2190743301
15,2180193659
16,2178618091
17,2193278422
18,2188548312
19,2182516610
20,2202331592
21,2201250438
22,2202272343
23,2200872122
24,2196044727
25,2203259583
26,2206241239
27,2204056125
28,2204744727
29,2205997475
30,2204630594
31,2205654232
32,2203734576
33,2205580473
34,2207806075
35,2211810047
36,2210500083
37,2242435111
38,2223213012
39,2207657390
40,2241894178
41,2208538567
42,2206956132
43,2237826071
44,2208217695
45,2227317525
46,2206753340
47,2287638721
48,2250530648
49,2244820975
-1, 109898139193
