id,time
0,2160268933
1,2126037332
2,2124870846
3,2120713758
4,2179527274
5,2175044693
6,2176322061
7,2178700264
8,2176939437
9,2167608161
10,2171489510
11,2171022390
12,2177447920
13,2177935295
14,2202909161
15,2194149648
16,2193516563
17,2186054502
18,2202856789
19,2184295279
20,2182200893
21,2202406869
22,2191958912
23,2201999794
24,2192081833
25,2203308369
26,2203852446
27,2204221006
28,2203992972
29,2206825136
30,2205869815
31,2207560396
32,2206030464
33,2205063517
34,2205425063
35,2204653809
36,2207426525
37,2210212928
38,2209861476
39,2208931676
40,2209096024
41,2209804334
42,2211124614
43,2234947342
44,2213706964
45,2241031159
46,2295808539
47,2211832700
48,2351277717
49,2246915606
-1, 109937140571
