id,time
0,2197979261
1,2127787220
2,2125164770
3,2121707288
4,2172933118
5,2175149850
6,2189841135
7,2167982379
8,2182512602
9,2178473041
10,2170588097
11,2174666344
12,2188957781
13,2191625175
14,2180706340
15,2185463365
16,2190980023
17,2159135873
18,2183570831
19,2190388519
20,2195526915
21,2175330383
22,2178993289
23,2201241646
24,2198083428
25,2202287129
26,2202532952
27,2202675922
28,2203015123
29,2203603696
30,2203812842
31,2204287966
32,2205878125
33,2206547206
34,2206144463
35,2205953720
36,2206085320
37,2206805353
38,2204856417
39,2206350808
40,2205351139
41,2209246915
42,2268318147
43,2213663987
44,2213676271
45,2211316257
46,2207439240
47,2209383175
48,2208407061
49,2249953725
-1, 109672383979
