id,time
0,2476703368
1,2474425501
2,2472328067
3,2476187973
4,2476000715
5,2475714355
6,2476172771
7,2475282504
8,2478640238
9,2478490847
10,2477155096
11,2476866853
12,2478029468
13,2477138578
14,2477114811
15,2476891911
16,2479620728
17,2479309680
18,2479476528
19,2478814961
20,2478694134
21,2479166607
22,2479665912
23,2479626361
24,2479934510
25,2480277325
26,2480567133
27,2481196693
28,2480789638
29,2484501801
30,2480744607
31,2481727682
32,2481658937
33,2482955623
34,2481178673
35,2481093278
36,2481841396
37,2483886952
38,2486874359
39,2489102315
40,2487382988
41,2495533346
42,2493019006
43,2494584669
44,2491958855
45,2484237224
46,2482468392
47,2482082789
48,2483144754
49,2521002433
-1, 124091266108
