id,time
0,2477598571
1,2473660144
2,2481535544
3,2480941369
4,2479747629
5,2481144812
6,2479694215
7,2480250901
8,2480574213
9,2480247076
10,2477864777
11,2481374890
12,2481316312
13,2479637053
14,2479012461
15,2480402796
16,2481034779
17,2478604875
18,2481153476
19,2480072711
20,2480160515
21,2480276009
22,2479278284
23,2481567146
24,2481864359
25,2481881592
26,2482486597
27,2482355412
28,2482475749
29,2482780104
30,2484471068
31,2482994391
32,2483127781
33,2484372784
34,2482810232
35,2482555216
36,2483517969
37,2484256677
38,2484976664
39,2484605931
40,2485114502
41,2489011308
42,2486398412
43,2489036487
44,2488515275
45,2491341317
46,2492420333
47,2522561396
48,2493324280
49,2496897514
-1, 124183306868
