id,time
0,2477689527
1,2477377631
2,2476625532
3,2476003033
4,2477682203
5,2477365397
6,2476218169
7,2475858764
8,2475694660
9,2476203439
10,2477153067
11,2477387529
12,2477914845
13,2477747011
14,2477907228
15,2478547587
16,2478127641
17,2478149345
18,2478161648
19,2478524516
20,2478195773
21,2478071963
22,2478206991
23,2479124755
24,2479103790
25,2479365257
26,2479489389
27,2481461546
28,2481184676
29,2479803042
30,2479779940
31,2481515998
32,2482550078
33,2482526439
34,2481929575
35,2482399607
36,2482067371
37,2484042961
38,2483881894
39,2483892156
40,2484192488
41,2485154026
42,2490241700
43,2491082994
44,2486818536
45,2493993948
46,2494151946
47,2493320180
48,2486366326
49,2519024790
-1, 124089281135
