id,time
0,2481677714
1,2437781394
2,2481455077
3,2480643001
4,2480023166
5,2481423426
6,2480830655
7,2480577772
8,2481176842
9,2484168850
10,2482044930
11,2483455680
12,2483228806
13,2483864002
14,2483178584
15,2483708480
16,2483658454
17,2482934313
18,2482780572
19,2483999959
20,2481728802
21,2483329843
22,2484566517
23,2484326129
24,2484320955
25,2484795845
26,2485273716
27,2486216700
28,2487292346
29,2485315000
30,2486036655
31,2486365142
32,2486615385
33,2487050916
34,2493021675
35,2494681036
36,2490731340
37,2490977216
38,2525314326
39,2490471813
40,2498894496
41,2489008061
42,2488034197
43,2488750927
44,2488804922
45,2488139796
46,2488623532
47,2488589670
48,2488395982
49,2502841985
-1, 124291128609
