id,time
0,2482339213
1,2404438859
2,2481999580
3,2481520861
4,2481639536
5,2484893829
6,2483913514
7,2483380395
8,2482631017
9,2482498342
10,2484551469
11,2484062528
12,2483361713
13,2484682213
14,2484577379
15,2483427195
16,2483690681
17,2485249822
18,2485103797
19,2485173158
20,2484935835
21,2485907125
22,2485508020
23,2485365782
24,2485728538
25,2486253687
26,2486947559
27,2487049632
28,2487054737
29,2490622823
30,2489259759
31,2487761120
32,2489510666
33,2491998077
34,2490101102
35,2487453852
36,2489080652
37,2491231504
38,2491047378
39,2488892410
40,2488104851
41,2492319485
42,2499253632
43,2496923842
44,2529240455
45,2494260100
46,2514362567
47,2492940271
48,2494762843
49,2501679767
-1, 124358695268
