id,time
0,2131661984
1,1930597073
2,2127868949
3,2129731654
4,2203797448
5,2183119468
6,2189961870
7,2195476030
8,2196256789
9,2188206237
10,2181872619
11,2197233662
12,2182320854
13,2192999603
14,2198928852
15,2191539670
16,2186294052
17,2187267824
18,2205455886
19,2204791686
20,2205448800
21,2207620712
22,2206543994
23,2207240657
24,2207444087
25,2207730359
26,2208356845
27,2212344780
28,2208571914
29,2208423902
30,2212622182
31,2210129995
32,2209960429
33,2209792839
34,2210345354
35,2208841684
36,2212186603
37,2209134264
38,2213117837
39,2214457683
40,2225596395
41,2228295947
42,2213310870
43,2215734317
44,2214043376
45,2221975135
46,2254208754
47,2293213368
48,2301577205
49,2695279247
-1, 110458933981
