id,time
0,2193290562
1,2121058459
2,2122535749
3,2121723097
4,2172638926
5,2175256250
6,2187423291
7,2167136481
8,2175047691
9,2177939540
10,2167069255
11,2172274603
12,2192653418
13,2189984698
14,2183239925
15,2185669495
16,2174977688
17,2173585279
18,2175548778
19,2197743651
20,2197043494
21,2194883171
22,2198978884
23,2198473854
24,2199004889
25,2199010140
26,2199607347
27,2200450585
28,2204118923
29,2204209100
30,2203564045
31,2204135315
32,2203519095
33,2212249449
34,2206010829
35,2204825432
36,2204731013
37,2210732644
38,2205869148
39,2210255355
40,2205732339
41,2206663161
42,2206635026
43,2204972319
44,2207395457
45,2204300086
46,2207584749
47,2206087232
48,2205653220
49,2246920169
-1, 109590415399
