id,time
0,2134656749
1,2127048438
2,2127391561
3,2125328124
4,2177678618
5,2176469275
6,2174820076
7,2172928345
8,2175785783
9,2176586897
10,2204768790
11,2197355597
12,2193279376
13,2204239108
14,2180047210
15,2180165205
16,2192798915
17,2199069243
18,2179442036
19,2201766308
20,2181001443
21,2199925110
22,2203554838
23,2194060722
24,2202888867
25,2205127355
26,2205595280
27,2205866730
28,2206345207
29,2216646969
30,2206473118
31,2206396954
32,2207718506
33,2207928916
34,2208323563
35,2227524408
36,2209206419
37,2449257757
38,2207847459
39,2211670784
40,2210582179
41,2211165186
42,2209141840
43,2211811543
44,2208839907
45,2212871149
46,2210207517
47,2211667917
48,2210442891
49,2249955601
-1, 110011673999
