id,time
0,601168261
1,600298488
2,594727300
3,594243832
4,596442252
5,599008617
6,599602667
7,594391308
8,599356512
9,594176516
10,597841736
11,598482197
12,624988033
13,618325287
14,617113981
15,623380819
16,610831210
17,632972170
18,632237879
19,632163431
20,631941258
21,631855720
22,632814724
23,632342186
24,633370350
25,633752840
26,635506840
27,634150248
28,633787044
29,635605924
30,635866059
31,635998680
32,635838571
33,638356775
34,638415267
35,638457617
36,637201762
37,637937386
38,639074632
39,637404790
40,636713584
41,638893419
42,636641406
43,637959610
44,638366384
45,637090607
46,636836117
47,636310456
48,636869604
49,639559701
-1, 31246673852
