repetition
53147.7
53166.6
53168.9
53038.1
53245.5
53325.2
53231.9
53186.2
53355.2
53110.2
53281.9
53108.4
53170.9
53229.2
53147.4
53231
53235.9
53214.1
53127.3
53286
53092.3
53155.9
53150.6
53011.6
53233.9
53167.4
53150.7
53113.5
53135.8
53124.4
53241
53206.5
53281
53050.7
53186.6
53177.2
53173
53125.4
53181.4
53116.4
53032.3
53173
53136.5
53221
53136.4
53098.1
53198.9
53483.1
53291.7
53039.8
53087.5
53120.4
53056.5
53140.8
53224.3
53210.8
53153.1
53369.7
53209.9
53295
53296.3
53129.4
53161.6
53152.4
53187.2
53211.4
52996.6
53106
53135.7
53190.8
53183.1
53085.6
53070.5
53195
53129.5
53173.9
53191
53287.1
53358.4
53028.5
53315.6
53194.9
53151.6
53248
53134.2
53122.2
53105.8
53057.4
53059.1
53091.8
53285.2
53139.2
53215.1
53198.3
53257.9
53235.7
53242.2
53167.9
53119.2
52836
