repetition
74594
74526.1
74466.6
74395.9
74084.6
73983.3
73726.2
73939.2
73861.3
73888.3
73920.8
73735.6
73771.8
73846.1
73877.2
73817.1
73799.7
73872.1
73832.5
73849.4
73844.9
73841.9
73732.8
73759.9
73783.2
73839.6
73816.6
73798.5
73772.1
73676.4
73799.8
73844.8
73859.5
73878.9
73839.1
73798.2
73907.2
73751
73810.3
73834
73925.2
73781.9
74063.5
73759
73835.1
73885.8
73781.3
73691.5
73810.8
73710
73822.6
73761.1
73808.9
73811.1
73819.4
73826.7
73784.1
73766.3
73954.1
73690.3
73771.7
73786.4
73786.3
73818.1
73865.9
73897.7
73868.9
73817.2
73813.5
73842.1
73865
73897
73804.7
73700
73787.1
73828.7
73777.6
73896
73827.3
73683.9
73723.3
73757.3
73871.1
73856.7
73837.9
73866.2
73859.9
73851
73811.2
73732
73881.3
73767.1
73847.2
73860.4
73770.2
73769.5
73939.2
73887.6
73846.1
73386.5
