repetition
57938.7
58110.1
57845.6
57839.6
57762.1
57846.6
57751.7
57822.9
57735
57804.1
57785.5
57728.7
57758.3
57939.9
57790.8
57907.9
57727.2
57727.3
57753.2
57798.2
58006.7
57737.5
57718.9
57774.3
57734.4
57754.4
57699.9
57726
57745.4
57796.6
57869.9
57758.6
57764.7
57687.3
57776.2
57834.1
57748.4
57675.9
57780.4
57739
57792.1
57744.6
57772.4
57741.7
57650.2
57703.6
57824.9
58132.8
57782
57708.2
57770.8
57693.6
57793.9
57700.4
57863.5
57772.9
57701.4
57748
57776.3
57784
57748.2
57729.6
57797.5
57693.4
57756
57855.8
57759.2
57748.6
57698
57755.8
57736.5
57704.4
57729.4
57734.6
57720.5
57674.4
57712.1
57631.1
57797.5
57752.7
57705.6
57697.8
57784
57774.1
57742.6
57806.5
57675.2
57719.9
57746.2
57662.5
57731
57714.8
57670.8
57770.7
57850.2
57671.6
57792.8
57678.8
57781.2
57411
