repetition
91677.9
91722.7
91606.4
91298.7
91089.8
91267.4
91103.8
91020.3
90914.5
91403
91022.8
90989.4
91306.5
91540.9
91040.6
91173.3
90997.7
90944.6
91166.2
91038.3
90957.7
90760.3
90958.9
90979.2
91060.9
91088.9
91050.4
90957
91037.3
90978.2
90887.4
90912.1
91047
90853.5
91300.9
91120.6
91110.7
90963.3
91302.3
91026.6
91041.8
91221.4
90977.5
91048.1
90841.8
90949.4
91096.8
91115.7
90994.5
91063.7
91066.4
91020.8
90997.6
91074
91016.8
90904.1
90823.6
90948.3
91164.9
91110.7
90941.1
90787.5
91023.9
91071.5
90993.1
91162.5
91287.6
91161.9
91038.2
91145.7
91094.3
91179.6
91116.3
91232.2
91109.4
91017.3
91076.8
90899
93565.4
91122
91110.4
91136.4
91269.8
91315.1
91167.3
91088.4
91007.3
91088.2
91298.6
91188.8
91084.3
90995.4
91003.1
90827.4
91140.1
90963.2
90958.7
91037.9
91028.4
90222.2
