repetition
203803
201380
201380
201352
201243
201712
202188
201847
201357
201621
201638
201559
201539
201470
201529
202230
201537
201631
201600
202097
201695
201621
201821
201658
201467
201768
201732
202508
201539
201721
201522
201826
202050
201516
201560
202043
201339
201944
201435
201800
201776
201287
201453
201551
201963
201670
201427
201681
201333
201776
201795
201618
201689
201611
201683
201772
201639
202190
201747
201744
201805
201636
201712
201497
201857
201499
201506
201502
201664
202103
201491
201651
201512
201840
201920
201511
201960
201750
201518
202371
201776
201632
201728
202513
201957
201853
201639
201849
201495
202075
202552
201795
201686
201655
201925
201969
201832
201664
201658
201453
