repetition
647181
643364
643111
644712
642969
643838
644479
642856
642574
643823
642578
642611
641932
642693
643159
642234
642616
643354
642929
643502
644341
643712
643387
643739
643923
644524
643321
643640
643953
643760
643399
643443
643642
643833
644258
643797
643690
643647
643744
644376
643461
643695
643899
643933
643588
643970
648329
645004
644216
644891
647823
644074
644373
644580
643869
643529
643671
644251
643383
643858
645289
644138
645349
644156
643520
643607
643178
643622
643708
643107
644017
643949
643985
644269
643556
643957
643980
643162
643656
643998
643699
643353
643982
644080
643853
644539
643881
643782
648416
652573
644327
643224
646816
649809
643459
644234
644060
644000
643703
643992
