repetition
64917.9
64785.6
64378.6
64427.1
64465.8
64618.1
64589
64436.6
64404.1
64319
64588.7
64295.4
64384.4
64452.4
64456.8
64573.7
64697
64313.9
64418.5
64385.2
64455.6
64631.1
64418.5
64382.3
64281.9
64385.1
64465.7
64269.7
64279.7
64350.5
64515.8
64404.8
64624
64520.8
64498.8
64359
64320.8
64210.4
64332.9
64627.9
64480.7
64469.8
64445.6
64351.8
64337.7
64337.8
64277.6
64449
64485.4
64394.9
64399.8
64519.1
64280.9
64428.1
64485.7
64593.9
64323.8
64418.2
64516.6
64837.1
64412
64513.4
64423.8
64311.4
64420.4
64408.5
64531
64391.5
64553.9
64430.5
64444.6
64515.1
64518.9
64520.9
64353.9
64552.8
64368.9
64466.1
64497.4
64458.6
64394.4
64304.5
64332.7
64461.9
64521.1
64507.2
64468.1
64284.2
64428.9
64442.3
64352.5
64414.8
64282.4
64289.2
64484.4
64558.9
64594.5
64426.5
64521.5
64125.5
