repetition
489806
489990
490262
489898
490147
490186
489620
490621
489729
489712
355104
355095
354958
354567
354943
355182
355104
354722
354811
355297
354717
355012
354792
354565
354579
354650
354741
354624
355018
354763
354695
355295
354982
355497
354828
355051
356336
355188
356125
355827
354650
355683
356309
354873
354681
355284
355246
355721
355214
355573
354492
355946
362582
355373
355156
354977
355143
355474
354579
354967
354858
355432
355021
355079
354597
354740
354725
355166
354736
355544
355099
355113
355885
355033
355470
354579
355051
355305
355054
355406
355482
354881
355392
355155
355012
354977
355451
355189
354957
355011
356314
355313
354612
355031
355086
354757
355221
355915
354928
355859
