repetition
50394.8
50457.3
50681.8
50608
50615.4
50572.6
50650.1
50619.1
50775
50649.3
50586.5
50733.7
50554.7
50377.9
50446.1
50716
50626
50482.2
50731.9
50529.6
50593.7
50552.7
50496.8
50653.3
50606.7
50697.3
50677.2
50590.2
50422.8
50710.7
50567
50647
50710.8
50600.6
50407.4
49867.7
49883.3
49777.9
49752.6
49769.5
49869.1
49910.1
49898.8
49848.5
49835.1
49803.5
49883.5
49719
49775.5
49825.1
49803.1
49750.7
49805.5
49845.4
49886.3
49841
49763.9
49869.7
49774.3
49825.3
49764.1
50220.3
49800.9
49776.5
49794
49883.2
49745.2
49938.8
49942.3
49868.5
49820.2
49899.5
49755.2
49608.2
49808.6
49764.4
49895.9
49923.8
49778.2
49767.7
49706.1
49963.7
49827.9
49897.6
49672.5
49766.5
49999.5
49770.5
49752.9
49792.6
49725.8
49842
49938.8
49791.2
49792.6
49756.4
49828.7
49912.6
49955.1
49660.8
