repetition
122867
122686
124996
122603
122868
122763
122869
122727
122699
122586
122742
122638
122671
122596
122789
122622
122675
122685
122685
122614
122731
122687
122685
122596
122879
122943
122692
122791
122515
122793
122782
122667
122676
122668
122626
122601
122638
122745
122497
122537
122581
122568
122647
122695
122721
122694
122606
122659
122629
122621
122675
122514
122303
122418
122607
122783
122347
122388
122186
122448
130617
126906
122549
122559
122456
122515
122526
122374
122531
122417
122482
122460
122356
122409
122427
122285
122294
122392
122346
122578
122407
122487
122263
122420
122499
122448
122316
122441
122345
122611
122519
122425
122399
122666
122273
122371
122682
122380
122388
121182
