id,time
0,2810917262
1,2561091142
2,2810657791
3,2807206479
4,2807908673
5,2810215117
6,2809263128
7,2809174858
8,2807144258
9,2807476428
10,2809124742
11,2809598365
12,2813311088
13,2812139611
14,2811753207
15,2812972871
16,2812848189
17,2814202137
18,2814000310
19,2814142559
20,2814662189
21,2814378918
22,2814648970
23,2815201827
24,2815282316
25,2815306728
26,2816980172
27,2816316385
28,2817085512
29,2815501385
30,2815395436
31,2816736879
32,2817124392
33,2817258553
34,2818070253
35,2817950890
36,2817889013
37,2818347035
38,2817738898
39,2822685654
40,2831306723
41,2825308149
42,2820540940
43,2818740711
44,2818751536
45,2818946559
46,2822957961
47,2818502372
48,2821996421
49,2821380628
-1, 140518143538
