id,time
0,2801956129
1,2687797653
2,2800976582
3,2792440116
4,2796161688
5,2797294325
6,2796236690
7,2796130676
8,2795056636
9,2798046017
10,2796728721
11,2791489040
12,2797024674
13,2800913993
14,2801265553
15,2798598831
16,2798135179
17,2799231764
18,2803623184
19,2802758444
20,2803308608
21,2802347263
22,2802423833
23,2802851273
24,2802231514
25,2804487624
26,2804852367
27,2805126050
28,2805670738
29,2805615776
30,2806042867
31,2805977027
32,2806353164
33,2807995791
34,2808790531
35,2809157286
36,2807413626
37,2809761914
38,2810821370
39,2807503195
40,2809165606
41,2807735177
42,2809159043
43,2808607300
44,2810786766
45,2806712924
46,2807808743
47,2811534120
48,2811683934
49,2816721114
-1, 140070514261
