id,time
0,2784687306
1,2769802325
2,2782650092
3,2781646009
4,2784299831
5,2783696559
6,2780464154
7,2779506580
8,2782066297
9,2777876896
10,2782924080
11,2782019300
12,2770822007
13,2788099670
14,2787526119
15,2785552300
16,2787361831
17,2785819954
18,2786553388
19,2786184300
20,2786838641
21,2787739809
22,2789072878
23,2788732275
24,2789415764
25,2789484696
26,2790527357
27,2790641795
28,2795858517
29,2797925769
30,2799703686
31,2793327545
32,2791450684
33,2790900622
34,2800483710
35,2792625359
36,2794471626
37,2797212024
38,2795252067
39,2798813263
40,2797224165
41,2792272048
42,2791754243
43,2793627152
44,2794091215
45,2792359410
46,2802530490
47,2795475013
48,2794851625
49,2791153011
-1, 139455376907
