id,time
0,2801993156
1,2677520606
2,2801264343
3,2801045425
4,2797254844
5,2799274447
6,2800359911
7,2794987463
8,2799940133
9,2796121517
10,2800613491
11,2800598578
12,2801247041
13,2800278651
14,2796147887
15,2803391046
16,2803347412
17,2802815338
18,2802720960
19,2802857400
20,2802320413
21,2802957590
22,2802761404
23,2802575869
24,2802574196
25,2803843134
26,2803857676
27,2804069343
28,2803969066
29,2804304764
30,2804536315
31,2804416034
32,2805292277
33,2805363159
34,2804976570
35,2810687804
36,2805688159
37,2810294088
38,2810258189
39,2807354884
40,2809829210
41,2811963690
42,2806179015
43,2807180532
44,2809639783
45,2808001246
46,2805950322
47,2814210984
48,2812128900
49,2806160570
-1, 140077127672
