id,time
0,2801905814
1,2654229053
2,2798148525
3,2801754377
4,2800471645
5,2800668325
6,2805252328
7,2802187446
8,2802289244
9,2804167294
10,2804918971
11,2802748792
12,2804393801
13,2804074023
14,2804269719
15,2805006812
16,2803545041
17,2805005141
18,2802312731
19,2804411026
20,2806289920
21,2805616350
22,2806276305
23,2805434780
24,2805379864
25,2806435100
26,2806470790
27,2806940032
28,2806712718
29,2807872371
30,2807145606
31,2807440938
32,2812173448
33,2809997185
34,2814011536
35,2810269441
36,2810376260
37,2808599343
38,2809011884
39,2812086569
40,2808235872
41,2812968858
42,2808584866
43,2808141433
44,2808815910
45,2813663592
46,2812098902
47,2810212488
48,2808574463
49,2809586758
-1, 140177186111
