id,time
0,2783972503
1,2777359972
2,2783898587
3,2783884513
4,2778198649
5,2783451398
6,2782886843
7,2783427522
8,2783044152
9,2783380241
10,2781561069
11,2782757783
12,2770164872
13,2783030857
14,2770837330
15,2786597394
16,2784694345
17,2785220696
18,2785297036
19,2784821509
20,2784149983
21,2785529429
22,2787117861
23,2786877320
24,2786847145
25,2787342033
26,2787400351
27,2787422425
28,2788079540
29,2787928059
30,2787511341
31,2795459361
32,2791252941
33,2795957576
34,2797803684
35,2790209268
36,2788570112
37,2801579759
38,2794850269
39,2797463638
40,2793674123
41,2789909531
42,2794836184
43,2791957320
44,2793377576
45,2791081870
46,2791348813
47,2791382665
48,2789342822
49,2789650231
-1, 139364402988
