id,time
0,2773612634
1,2770501961
2,2773236806
3,2771313546
4,2771096607
5,2763428281
6,2765013911
7,2765863779
8,2769161007
9,2769421989
10,2763954709
11,2775168862
12,2774121630
13,2773728467
14,2778656365
15,2778476558
16,2777084216
17,2778325256
18,2778236660
19,2780926708
20,2780590943
21,2780760573
22,2779907945
23,2781118018
24,2781171359
25,2781281388
26,2781386892
27,2781496770
28,2782268618
29,2785225397
30,2785996657
31,2783220195
32,2793789634
33,2783493274
34,2789170806
35,2782088223
36,2786637096
37,2785983267
38,2789677020
39,2787276493
40,2783690036
41,2781511591
42,2785371771
43,2784167839
44,2782576033
45,2781704015
46,2785854659
47,2783325118
48,2783541081
49,2783672938
-1, 138969287341
