id,time
0,2787028301
1,2775648696
2,2784643456
3,2783552409
4,2786798641
5,2782886378
6,2786928778
7,2784931275
8,2785958565
9,2781622763
10,2780126502
11,2784924281
12,2779333398
13,2781894579
14,2783998414
15,2778647134
16,2779121596
17,2786748415
18,2782976943
19,2780317323
20,2784111115
21,2781205986
22,2782149200
23,2787169601
24,2787180337
25,2787863709
26,2789339161
27,2789400040
28,2788405505
29,2790142929
30,2790309433
31,2790443982
32,2790466888
33,2792812135
34,2792356826
35,2792000992
36,2791160988
37,2791019353
38,2790740365
39,2790490921
40,2792457482
41,2790612250
42,2792642089
43,2790985104
44,2792921349
45,2794649620
46,2794308786
47,2795002158
48,2793869876
49,2799309799
-1, 139373618585
