id,time
0,2801371347
1,2639646137
2,2800997178
3,2797960976
4,2795412944
5,2806907282
6,2803967212
7,2806709796
8,2806675587
9,2806142253
10,2801474575
11,2806714144
12,2805650617
13,2805085280
14,2804858456
15,2806246747
16,2808221486
17,2807513238
18,2807310572
19,2806993699
20,2807698217
21,2808537281
22,2808275471
23,2808496829
24,2808884721
25,2809164671
26,2809203256
27,2809181589
28,2809250733
29,2809638149
30,2809634739
31,2809576446
32,2809436869
33,2809652404
34,2812686754
35,2809844023
36,2810469590
37,2810481505
38,2809879263
39,2818859174
40,2810817614
41,2813012922
42,2815928971
43,2813123949
44,2809709333
45,2811002644
46,2810577629
47,2811021060
48,2811617812
49,2815780136
-1, 140247305647
