id,time
0,2779149833
1,2777022412
2,2775911494
3,2766991663
4,2775286335
5,2768064734
6,2774515453
7,2776928625
8,2768703251
9,2773910479
10,2768458164
11,2773938081
12,2769437937
13,2770664826
14,2768001084
15,2765525281
16,2774426050
17,2776870740
18,2768444510
19,2767004841
20,2780896312
21,2780611717
22,2780687177
23,2780301001
24,2779330447
25,2780953614
26,2781195883
27,2782180348
28,2782245964
29,2781918940
30,2781254066
31,2782613279
32,2782869287
33,2787197250
34,2796740421
35,2783944631
36,2788994659
37,2794677310
38,2795027056
39,2783801587
40,2785858275
41,2790212968
42,2787315001
43,2784611601
44,2783748748
45,2792537780
46,2786002200
47,2787440026
48,2789790214
49,2792693650
-1, 139006909531
