id,time
0,2790450326
1,2717552227
2,2790314197
3,2797078563
4,2792568811
5,2792799284
6,2796007901
7,2792955823
8,2796806921
9,2797064413
10,2795059920
11,2796886967
12,2796747490
13,2796004767
14,2796472266
15,2793115551
16,2796963324
17,2799696473
18,2798769859
19,2797430318
20,2797474279
21,2799380664
22,2798857123
23,2799415844
24,2799723367
25,2799775350
26,2799776187
27,2800889832
28,2800712398
29,2800811571
30,2800941139
31,2801505346
32,2803034711
33,2801146260
34,2801960712
35,2801120485
36,2801672844
37,2801122824
38,2803039733
39,2802424445
40,2802870493
41,2803449855
42,2804359622
43,2802585935
44,2803590119
45,2802978922
46,2806117494
47,2804801764
48,2804595020
49,2805542028
-1, 139886423949
