id,time
0,2786817182
1,2762063968
2,2784341051
3,2786533379
4,2784129749
5,2784590976
6,2782745191
7,2784597943
8,2788338489
9,2787417858
10,2787507945
11,2787938821
12,2787771471
13,2786889987
14,2788281035
15,2790590261
16,2790075619
17,2789229794
18,2790458380
19,2790488760
20,2790264519
21,2789788482
22,2788497879
23,2790442415
24,2790614274
25,2790905566
26,2791039174
27,2791431675
28,2791361328
29,2791593733
30,2793964688
31,2794333227
32,2792981464
33,2796344234
34,2792541938
35,2791768116
36,2796452645
37,2795328713
38,2795844158
39,2794211660
40,2793488131
41,2792035494
42,2796480379
43,2795386238
44,2793658741
45,2792129671
46,2799734324
47,2797486496
48,2797341561
49,2799312461
-1, 139527573303
