id,time
0,2796490835
1,2682486190
2,2794774336
3,2794934842
4,2792971866
5,2793625953
6,2796387601
7,2794548433
8,2795494492
9,2798254271
10,2797143055
11,2797823800
12,2797419544
13,2802852623
14,2802272227
15,2799585738
16,2800390121
17,2800608206
18,2802336563
19,2798699984
20,2801301697
21,2801488979
22,2802493533
23,2803076184
24,2803575238
25,2803616845
26,2806118007
27,2804888650
28,2804770045
29,2805217707
30,2806406491
31,2806563366
32,2804156352
33,2805774058
34,2805526027
35,2806385398
36,2805867315
37,2804707703
38,2804418514
39,2805733828
40,2812135287
41,2809535602
42,2807685516
43,2809936567
44,2811762221
45,2807483711
46,2808200857
47,2810736782
48,2814988006
49,2817433538
-1, 140041086795
