id,time
0,2785136639
1,2762918290
2,2778842987
3,2784917664
4,2781211487
5,2783560366
6,2787946439
7,2786781491
8,2785676911
9,2785544075
10,2787711366
11,2787055471
12,2785962915
13,2785162920
14,2785870596
15,2786787998
16,2790159322
17,2790071174
18,2789602641
19,2788254088
20,2789348221
21,2788775225
22,2791486293
23,2791258891
24,2791145358
25,2791546006
26,2792076028
27,2792163470
28,2793550637
29,2792309557
30,2793228791
31,2793757699
32,2792678325
33,2795165520
34,2797857175
35,2795591492
36,2794581321
37,2793916295
38,2795281093
39,2805033007
40,2802763569
41,2797849558
42,2797389611
43,2794960801
44,2795850014
45,2796211779
46,2804355716
47,2795687177
48,2797417056
49,2795146380
-1, 139547559239
