id,time
0,2777113663
1,2771734687
2,2774952660
3,2768602459
4,2772844678
5,2770244521
6,2772980880
7,2771000679
8,2771636083
9,2782121134
10,2780949869
11,2779646484
12,2777322610
13,2781845640
14,2781980342
15,2781643180
16,2782064643
17,2781637520
18,2777298304
19,2780977795
20,2777452491
21,2777832661
22,2783206459
23,2782998715
24,2782143265
25,2783445247
26,2783834852
27,2785625048
28,2783838186
29,2786242437
30,2786367220
31,2793171449
32,2787599946
33,2790795222
34,2793654436
35,2786463079
36,2787541009
37,2790718947
38,2788086562
39,2787715825
40,2788364092
41,2790213196
42,2787269918
43,2793729112
44,2787769356
45,2788938630
46,2787735485
47,2787565161
48,2788965031
49,2796414225
-1, 139154296863
