id,time
0,2782195811
1,2781594392
2,2778079336
3,2770864818
4,2780030463
5,2782145806
6,2778929325
7,2786784049
8,2786571156
9,2782589291
10,2783689464
11,2782669319
12,2785241532
13,2782991103
14,2784849497
15,2783148599
16,2786536865
17,2787770130
18,2787631143
19,2787743798
20,2789201115
21,2788315526
22,2788662101
23,2789332527
24,2789375079
25,2789534121
26,2789563852
27,2789962641
28,2790153052
29,2790814001
30,2792516653
31,2791829213
32,2790557045
33,2791240844
34,2791950746
35,2791987415
36,2789877738
37,2790994304
38,2794937596
39,2794926328
40,2795633657
41,2796177944
42,2796242697
43,2796573995
44,2793078954
45,2794747733
46,2794280836
47,2793814244
48,2792949985
49,2793357981
-1, 139424647650
