id,time
0,2078055339
1,2074956066
2,2046836417
3,2072552752
4,2047043801
5,2076637030
6,2103428210
7,2095986969
8,2094514278
9,2096159266
10,2088913405
11,2095191240
12,2098476166
13,2100697355
14,2101533032
15,2086554752
16,2103383339
17,2105612198
18,2103597838
19,2107871315
20,2107458229
21,2106750920
22,2107599615
23,2107949236
24,2108012697
25,2108133725
26,2108654311
27,2109145630
28,2109034706
29,2108712914
30,2123858150
31,2109289377
32,2114903857
33,2110183667
34,2110768329
35,2111944541
36,2110133672
37,2109944361
38,2109998165
39,2111276182
40,2109799037
41,2110389253
42,2115239500
43,2112344717
44,2114777993
45,2109465499
46,2111668612
47,2110064838
48,2111009019
49,2110768600
-1, 105097282029
