id,time
0,2088903864
1,2088765408
2,2088677294
3,2087254038
4,2069351498
5,2083689789
6,2086634591
7,2041512442
8,2086547978
9,2069683976
10,2038705611
11,2039804578
12,2085309241
13,2029350300
14,2083578762
15,2084497765
16,2088414131
17,2073164391
18,2078766729
19,2072744944
20,2077990807
21,2090101605
22,2089648101
23,2091350736
24,2092232871
25,2092293218
26,2092629078
27,2093182921
28,2093243368
29,2092715924
30,2093798541
31,2092740528
32,2094957933
33,2094457231
34,2094525630
35,2094221999
36,2094999717
37,2095032032
38,2095798023
39,2095584613
40,2095106893
41,2099151459
42,2096386231
43,2096106822
44,2096957255
45,2098755372
46,2097319083
47,2096142301
48,2107962785
49,2096686000
-1, 104297438692
