id,time
0,745193227
1,745090246
2,745177113
3,745108434
4,745118492
5,745120612
6,745128417
7,745137372
8,745047263
9,745078826
10,745075925
11,745175324
12,745116747
13,745077561
14,745062233
15,745177743
16,745049931
17,745002700
18,745102010
19,745160186
20,745062448
21,745223533
22,745211787
23,745249236
24,745269784
25,745270075
26,745273731
27,745282912
28,745276603
29,745294745
30,745287740
31,745287121
32,745282977
33,745295817
34,745360706
35,745335472
36,745361126
37,745385300
38,745328590
39,745340447
40,745302225
41,745353785
42,745309853
43,745313692
44,745404290
45,745366386
46,745339055
47,745347344
48,745444941
49,750419868
-1, 37266483725
