id,time
0,744953473
1,744910877
2,744925204
3,744905744
4,744930779
5,744867716
6,744925370
7,744884840
8,744929586
9,744936256
10,744911574
11,744933786
12,744937561
13,744849406
14,744910389
15,744906284
16,744931938
17,744924554
18,744914508
19,744904407
20,744944883
21,744881064
22,744907348
23,744941058
24,744939553
25,744953724
26,744954057
27,744956921
28,744961032
29,744961086
30,744971802
31,744983944
32,744972553
33,745007452
34,745002404
35,744990661
36,744999557
37,744985007
38,745004725
39,744999062
40,745008380
41,745034774
42,745022558
43,745035933
44,745038323
45,745022611
46,745047461
47,745077927
48,745315045
49,757006986
-1, 37260224235
