id,time
0,744967209
1,744958266
2,744962505
3,744940882
4,744914553
5,744927485
6,744864950
7,744954365
8,744910845
9,744933574
10,744929975
11,744895573
12,744904025
13,744857465
14,744916035
15,744921148
16,744879397
17,744928287
18,744962048
19,744866339
20,744953315
21,744909166
22,744982468
23,744971445
24,744978757
25,744989104
26,745001738
27,745039345
28,745026254
29,745087927
30,745052470
31,745083098
32,745045465
33,745067315
34,745047405
35,745063103
36,745151564
37,745152939
38,745159199
39,745133706
40,745186310
41,745091759
42,745090151
43,745132841
44,745207568
45,745102921
46,745284829
47,745164993
48,745305800
49,758967894
-1, 37264828124
