id,time
0,744748564
1,744690616
2,744607538
3,744670230
4,744706758
5,744724372
6,744677257
7,744628359
8,744615438
9,744696497
10,744744884
11,744796533
12,744794931
13,744784752
14,744765001
15,744879721
16,744875604
17,744865346
18,744830930
19,744859523
20,744852238
21,744822557
22,744866123
23,744854485
24,744823983
25,744894929
26,744895868
27,744895944
28,744896626
29,744900393
30,744910024
31,744900406
32,744914646
33,744918347
34,744921435
35,744931598
36,744936158
37,744978527
38,744936504
39,758807293
40,744942569
41,744948296
42,744956589
43,745001471
44,745055988
45,744949320
46,745077052
47,744997398
48,745032878
49,745189902
-1, 37256974095
