id,time
0,745091176
1,744985729
2,745016291
3,745025672
4,745053325
5,745077069
6,745024177
7,745073905
8,745081225
9,745087732
10,744968704
11,744999366
12,745023200
13,744900674
14,745039114
15,745020069
16,745063911
17,745002507
18,744963032
19,745090630
20,745026722
21,744951185
22,744918198
23,745094944
24,745095094
25,745097947
26,745107837
27,745102968
28,745124913
29,745134467
30,745138296
31,745128314
32,745144628
33,745162158
34,745212633
35,745262720
36,745268521
37,745240216
38,745230020
39,745267436
40,745175638
41,745275061
42,745497006
43,745355910
44,745460114
45,745340731
46,745542282
47,745393163
48,755898155
49,745338191
-1, 37267575227
