id,time
0,745206900
1,745164888
2,745203106
3,745180153
4,745136073
5,745188118
6,745165655
7,745136203
8,745197424
9,745200126
10,745281714
11,745280054
12,745258190
13,745263433
14,745211623
15,745258414
16,745266670
17,745252329
18,745227193
19,745328003
20,745317994
21,745295049
22,745328898
23,745328504
24,745343596
25,745350818
26,745354248
27,745376748
28,745364503
29,745372703
30,745373655
31,745376106
32,745375749
33,745377546
34,745382970
35,745386335
36,745392945
37,745421779
38,745389563
39,745416737
40,745395964
41,745689817
42,745388470
43,745396198
44,745482246
45,745450390
46,745389467
47,745392217
48,745582841
49,758129355
-1, 37279031215
