id,time
0,744976032
1,744942415
2,744955066
3,744966772
4,744971983
5,744975595
6,744960986
7,744926628
8,744909186
9,744938503
10,744911665
11,744970958
12,745021895
13,744981678
14,745010238
15,745007243
16,744995396
17,745020694
18,744995727
19,744990905
20,745001158
21,745049171
22,745044419
23,745037920
24,745051077
25,745052430
26,745060794
27,745104164
28,745090434
29,745072584
30,745105723
31,745068093
32,745072009
33,745067194
34,745078772
35,745082107
36,745084781
37,745424803
38,745128266
39,745234045
40,745122131
41,745237116
42,745159862
43,745122833
44,745198604
45,745273885
46,745285383
47,745139238
48,761051125
49,745275626
-1, 37269206741
