id,time
0,744816155
1,744811488
2,744806923
3,744799401
4,744808894
5,744792367
6,744775390
7,744751696
8,744845248
9,744835999
10,744829783
11,744830542
12,744842109
13,744838247
14,744827207
15,744833985
16,744866599
17,744852646
18,744853003
19,744847726
20,744847204
21,744853907
22,744861614
23,744855948
24,744868647
25,744868762
26,744868894
27,744875945
28,744880315
29,744890830
30,744886406
31,744902586
32,744916035
33,744899199
34,744920932
35,744909668
36,744911408
37,744922462
38,744959174
39,744986687
40,745043701
41,745016499
42,744940326
43,745078420
44,744986659
45,745041801
46,744974254
47,745065997
48,744982424
49,760905111
-1, 37260388700
