id,time
0,745095455
1,745083829
2,745073487
3,745083898
4,744990610
5,745067431
6,745090270
7,745066134
8,744993255
9,745026526
10,745080687
11,745086405
12,745111169
13,745107374
14,745110205
15,745123140
16,745112464
17,745120390
18,745112755
19,745113624
20,745112474
21,745143593
22,745138656
23,745137418
24,745141524
25,745144291
26,745152331
27,745144909
28,745158171
29,745335257
30,745321805
31,745181898
32,745234449
33,745370654
34,745218541
35,745228256
36,745211677
37,745162907
38,745179088
39,745207676
40,745361851
41,745416446
42,745226640
43,745352811
44,745286439
45,759065429
46,745222186
47,745224038
48,745203849
49,745726321
-1, 37272662824
