id,time
0,744710689
1,744702409
2,744626099
3,744710283
4,744658666
5,744625983
6,744693752
7,744704841
8,744707401
9,744742856
10,744741787
11,744733211
12,744768641
13,744760989
14,744765215
15,744759813
16,744760287
17,744743952
18,744747809
19,744784926
20,744771600
21,744772467
22,744768934
23,744778399
24,744799493
25,744816545
26,744820032
27,744821121
28,744874734
29,744852062
30,744835766
31,744876632
32,744874555
33,744835279
34,744856549
35,744914064
36,744884774
37,744902598
38,744909129
39,744916381
40,744920264
41,744926053
42,744934732
43,744930747
44,744969913
45,744974102
46,745032613
47,744957117
48,745071625
49,753750878
-1, 37249800662
