id,time
0,745122201
1,745033543
2,745076623
3,745063956
4,745096743
5,745087045
6,745086095
7,745059142
8,745070065
9,745072163
10,745088264
11,745115728
12,745033122
13,745093693
14,745061645
15,745071232
16,745088609
17,745034659
18,745024445
19,745139303
20,745123946
21,745126307
22,745127530
23,745134013
24,745141229
25,745143960
26,745144767
27,745203150
28,745159135
29,745181355
30,745204458
31,745268816
32,745262844
33,745227252
34,745294539
35,745266109
36,745233483
37,745246800
38,745230052
39,745279568
40,745250680
41,745298053
42,745299864
43,745255577
44,745287524
45,745286699
46,745310515
47,745306907
48,745381809
49,758314651
-1, 37271511937
