id,time
0,745197267
1,745135808
2,745174538
3,745127509
4,745185220
5,745022835
6,745088420
7,745057383
8,745187585
9,745128907
10,745173178
11,745173163
12,745191553
13,745046763
14,744929677
15,745172955
16,745123620
17,745120601
18,745192071
19,745082379
20,745159387
21,745136755
22,745170695
23,745137386
24,745140482
25,745197470
26,745202528
27,745204456
28,745213105
29,745224998
30,745223579
31,745228364
32,745246052
33,745244722
34,745231665
35,745300192
36,745300983
37,745261094
38,745254376
39,745260416
40,745250673
41,745276703
42,745275752
43,745283064
44,745323861
45,745309856
46,745384560
47,745452680
48,760126159
49,745537908
-1, 37275073652
