id,time
0,744648298
1,744623695
2,744614512
3,744633258
4,744601789
5,744636409
6,744621776
7,744573638
8,744586470
9,744616888
10,744610258
11,744617443
12,744607238
13,744611098
14,744612578
15,744602624
16,744612334
17,744644377
18,744672482
19,744670510
20,744650525
21,744671023
22,744665358
23,744662694
24,744674162
25,744680072
26,744688663
27,744692202
28,744714086
29,744703981
30,744765189
31,756720553
32,744697356
33,744769416
34,744701318
35,744730038
36,744704625
37,744800622
38,744939462
39,744769104
40,744856317
41,744705494
42,744745489
43,744723014
44,744855009
45,744705086
46,744776246
47,744745993
48,744719760
49,745070274
-1, 37246722698
