id,time
0,744709252
1,744610684
2,744705545
3,744667527
4,744706820
5,744703563
6,744708823
7,744663140
8,744702661
9,744704190
10,744689674
11,744688355
12,744595427
13,744653439
14,744639159
15,744702241
16,744649826
17,744792685
18,744778002
19,744715316
20,744740933
21,744717608
22,744730636
23,744733616
24,744799835
25,744838520
26,744870005
27,744870728
28,744892554
29,744931371
30,744933484
31,744965734
32,745018380
33,744977422
34,760674061
35,745025945
36,744956224
37,745100783
38,744980136
39,744936235
40,745041889
41,745023948
42,745047496
43,744993682
44,744987790
45,744965608
46,745078324
47,744975523
48,744952317
49,745016633
-1, 37257565275
