id,time
0,744896499
1,744866608
2,744888785
3,744877033
4,744876080
5,744864652
6,744879677
7,744890233
8,744893320
9,744853955
10,744791172
11,744884026
12,744872264
13,744887122
14,744877425
15,744873931
16,744867716
17,744889616
18,744880189
19,744905130
20,744899209
21,744901475
22,744909940
23,744909442
24,744912180
25,744912906
26,744926341
27,744916193
28,744920875
29,744925040
30,745080632
31,744953235
32,745113232
33,744956484
34,744939744
35,745053858
36,744940324
37,744944101
38,745066256
39,744936839
40,744983337
41,744952299
42,745027066
43,744967877
44,744929539
45,745035262
46,745233891
47,745027277
48,744997559
49,756014266
-1, 37257804240
