id,time
0,744906148
1,744892465
2,744893735
3,744776147
4,744850578
5,744787324
6,744849483
7,744730057
8,744802182
9,744810359
10,744743390
11,744818816
12,744852551
13,744846217
14,744772600
15,744820317
16,744894611
17,744846342
18,744850104
19,744952787
20,744919449
21,744911895
22,744926329
23,744970121
24,744963058
25,744980463
26,744999395
27,745031842
28,745035234
29,745049960
30,745033353
31,745066855
32,745175558
33,745105701
34,745119921
35,745068367
36,745120449
37,745106431
38,745119049
39,745126761
40,745071347
41,745084388
42,745104141
43,745175872
44,745195692
45,745299834
46,745287465
47,745316815
48,745250756
49,757910181
-1, 37262225106
