id,time
0,2363184667
1,2293455891
2,2361153710
3,2362349731
4,2361007229
5,2363116129
6,2360382383
7,2360128310
8,2360991600
9,2361894705
10,2362374381
11,2362489715
12,2362789888
13,2361140105
14,2360334552
15,2362340135
16,2364402680
17,2364401484
18,2363248948
19,2364085807
20,2363235026
21,2363793262
22,2364119450
23,2364094435
24,2364456712
25,2364464062
26,2365107950
27,2365468786
28,2370162490
29,2366325827
30,2368224384
31,2366240952
32,2365826037
33,2367386865
34,2368511757
35,2365533528
36,2367382553
37,2367919085
38,2367375137
39,2367806741
40,2367899762
41,2369625230
42,2370054034
43,2366305759
44,2369428936
45,2371659702
46,2371723854
47,2371851923
48,2396156204
49,2379212097
-1, 118232626903
