id,time
0,2358023489
1,2355894254
2,2354782596
3,2356923259
4,2357122099
5,2355434561
6,2357071312
7,2357773790
8,2354922599
9,2357042637
10,2357030047
11,2355786213
12,2355569848
13,2356198892
14,2353822385
15,2356379052
16,2356690015
17,2357807738
18,2358246594
19,2358200511
20,2358216710
21,2358231111
22,2359062078
23,2358339688
24,2359080236
25,2359443380
26,2359664464
27,2360133203
28,2360090795
29,2359675016
30,2361305459
31,2364080487
32,2361846671
33,2363073339
34,2389478367
35,2362300886
36,2363292504
37,2361312261
38,2362182817
39,2361354608
40,2366542754
41,2362273809
42,2363785498
43,2362054799
44,2363924726
45,2366033583
46,2374819489
47,2363515053
48,2362750572
49,2371766593
-1, 118030355295
