id,time
0,2370129380
1,2110402094
2,2367924155
3,2369181258
4,2368442721
5,2372650650
6,2370662152
7,2370556196
8,2372419683
9,2371256144
10,2371387560
11,2371054898
12,2371114747
13,2371483810
14,2372928961
15,2372651188
16,2372903688
17,2374197033
18,2374190731
19,2373130459
20,2373351211
21,2373983170
22,2373239035
23,2373669531
24,2373099703
25,2374822370
26,2375011725
27,2407730621
28,2378463041
29,2376436180
30,2376172030
31,2375091204
32,2377511810
33,2377765636
34,2375713711
35,2377396773
36,2377609596
37,2376215109
38,2375224113
39,2375781427
40,2377839155
41,2386802720
42,2379521718
43,2378042411
44,2378642153
45,2381240000
46,2379233665
47,2381778066
48,2378100002
49,2381492144
-1, 118515649922
