id,time
0,2376122843
1,2016298658
2,2375956787
3,2373786605
4,2374902657
5,2374708547
6,2375804479
7,2372018205
8,2373506396
9,2373363208
10,2374637844
11,2374226188
12,2373124392
13,2377295113
14,2376452043
15,2376529215
16,2376940891
17,2377025203
18,2376168682
19,2378836923
20,2378146366
21,2378164574
22,2378681919
23,2378784116
24,2378255138
25,2378975922
26,2379116490
27,2382892035
28,2379433964
29,2409778138
30,2385994288
31,2379645947
32,2380971722
33,2380168902
34,2380098449
35,2382026275
36,2379866520
37,2382955527
38,2379220235
39,2379141965
40,2379758703
41,2387181595
42,2379302435
43,2379373843
44,2383351556
45,2385112506
46,2379607286
47,2387093075
48,2384292125
49,2384276574
-1, 118609375321
