id,time
0,2360229633
1,2347747589
2,2352403517
3,2356399029
4,2356342801
5,2360124030
6,2356892181
7,2355013070
8,2357178318
9,2358427872
10,2359299210
11,2359663446
12,2354225952
13,2358635124
14,2357754820
15,2358026226
16,2357762421
17,2356803078
18,2357296523
19,2359427480
20,2358884049
21,2358149805
22,2359847464
23,2359465956
24,2360400774
25,2361466225
26,2361962664
27,2362340551
28,2362438716
29,2362520061
30,2362564404
31,2362603504
32,2363178877
33,2362684361
34,2362780761
35,2363002687
36,2362677328
37,2362658485
38,2364633340
39,2366715444
40,2363660788
41,2364064629
42,2364291637
43,2364459057
44,2369072106
45,2368784657
46,2370030933
47,2372612562
48,2363973019
49,2390370138
-1, 118071949543
