id,time
0,2357427217
1,2353272781
2,2356158919
3,2354995514
4,2354910761
5,2354931261
6,2353682284
7,2355771267
8,2355364692
9,2350394917
10,2356707360
11,2356486712
12,2355981584
13,2354112563
14,2351896899
15,2355352760
16,2350035297
17,2355088721
18,2356421643
19,2357280536
20,2352862761
21,2354439961
22,2356548164
23,2357584996
24,2357469621
25,2357871747
26,2357956024
27,2358589725
28,2358248714
29,2359181140
30,2359579474
31,2358712893
32,2358947011
33,2359623042
34,2360317051
35,2361225367
36,2360063726
37,2363489637
38,2361007397
39,2362997743
40,2364975698
41,2360352265
42,2364436537
43,2359777149
44,2369855817
45,2369449641
46,2365699878
47,2359921868
48,2370689798
49,2390572241
-1, 117948723506
