id,time
0,2362542931
1,2286990159
2,2361077915
3,2361859865
4,2361907895
5,2358985316
6,2361286459
7,2360417352
8,2362392146
9,2360444330
10,2362416672
11,2362323367
12,2358254173
13,2360567043
14,2361438479
15,2362178797
16,2363514394
17,2362960373
18,2362619540
19,2362672235
20,2364875131
21,2364600286
22,2364176117
23,2364737916
24,2365103307
25,2365140265
26,2365280211
27,2365483326
28,2366233268
29,2366622645
30,2371854342
31,2368618135
32,2367032016
33,2367860523
34,2368002605
35,2368074799
36,2370776429
37,2368899354
38,2368086437
39,2367170400
40,2370084948
41,2367303320
42,2367926280
43,2366961387
44,2373203913
45,2373606283
46,2374228485
47,2372727666
48,2399608885
49,2376539962
-1, 118237670769
