id,time
0,2368023458
1,2134554788
2,2367094281
3,2367848483
4,2367083364
5,2366787751
6,2371990290
7,2368678418
8,2371718483
9,2371780170
10,2369178829
11,2371364028
12,2371939081
13,2371616127
14,2371187336
15,2370976613
16,2369067257
17,2369440457
18,2368282180
19,2368914908
20,2372216819
21,2371999707
22,2372061737
23,2372497254
24,2372507146
25,2372706073
26,2372768800
27,2373244509
28,2404142811
29,2377461927
30,2375152915
31,2375549787
32,2375346153
33,2374251517
34,2373993608
35,2373649056
36,2376490887
37,2376635439
38,2377993608
39,2373666748
40,2378867604
41,2384764616
42,2379567536
43,2378849111
44,2379002626
45,2380897727
46,2381835211
47,2380628445
48,2377778814
49,2383710417
-1, 118477767186
