id,time
0,2351532041
1,2351450252
2,2356370211
3,2353962310
4,2354503682
5,2355204503
6,2355588470
7,2353156171
8,2356331017
9,2355683278
10,2355281681
11,2355980285
12,2355004494
13,2351557660
14,2355206939
15,2355060327
16,2352492853
17,2353599068
18,2352568967
19,2354041809
20,2354871570
21,2357376283
22,2357171199
23,2357415609
24,2357506541
25,2358010181
26,2359227334
27,2358732805
28,2358381195
29,2359366892
30,2359199741
31,2358586541
32,2358811054
33,2359420981
34,2360374314
35,2361000077
36,2359590644
37,2360405633
38,2359550491
39,2359989712
40,2363135401
41,2360392292
42,2362729584
43,2364557007
44,2364813287
45,2368362753
46,2369797691
47,2365636474
48,2372996700
49,2388195787
-1, 117940183965
