id,time
0,2375822857
1,2004007117
2,2372273695
3,2373449248
4,2374695005
5,2375293274
6,2373957229
7,2379215563
8,2378447512
9,2378223927
10,2376206931
11,2376848032
12,2376193505
13,2376935641
14,2378597353
15,2378832616
16,2378191884
17,2378824164
18,2377998267
19,2378065327
20,2379146520
21,2375984931
22,2378542011
23,2377843889
24,2379284953
25,2379340608
26,2379399716
27,2379687877
28,2379785717
29,2379648027
30,2379604898
31,2380089319
32,2380237629
33,2380293740
34,2380199002
35,2380291638
36,2383505449
37,2383979755
38,2384059766
39,2382565879
40,2380963385
41,2381776722
42,2381407905
43,2383688967
44,2386126709
45,2385960114
46,2410329692
47,2387304853
48,2386215505
49,2386120873
-1, 118635468085
