id,time
0,2371974395
1,2020570464
2,2376780183
3,2372931383
4,2373982180
5,2375241860
6,2374573164
7,2375672327
8,2373698804
9,2374574905
10,2375174984
11,2376132249
12,2375168098
13,2376205174
14,2375994090
15,2373903684
16,2376151840
17,2375589566
18,2377440623
19,2377214148
20,2376905986
21,2377414778
22,2377278928
23,2377149597
24,2377725836
25,2378234382
26,2378727671
27,2379211984
28,2378334373
29,2379113950
30,2378915521
31,2379254626
32,2380037171
33,2381781897
34,2381288910
35,2381997237
36,2380000201
37,2380396451
38,2384576011
39,2380778225
40,2382236220
41,2379257429
42,2383919811
43,2381291402
44,2385834288
45,2417871675
46,2386645456
47,2388087335
48,2385952140
49,2387677946
-1, 118616874646
