id,time
0,2358363609
1,2305816526
2,2356618835
3,2358184013
4,2361363123
5,2360493157
6,2360249336
7,2361253640
8,2360084460
9,2359349231
10,2359918667
11,2361236007
12,2359080136
13,2363704212
14,2361429925
15,2362456884
16,2363077124
17,2363140855
18,2363434477
19,2362010961
20,2362761478
21,2363976689
22,2363890316
23,2363993478
24,2364013831
25,2364937708
26,2365182204
27,2365267786
28,2365117519
29,2365431706
30,2365854222
31,2365510693
32,2365485931
33,2365899997
34,2369619416
35,2366325416
36,2368040769
37,2371502695
38,2366306261
39,2369137962
40,2366502652
41,2368274624
42,2367763386
43,2365982411
44,2369795340
45,2368292223
46,2369957686
47,2389154487
48,2373188072
49,2372387490
-1, 118190822326
