id,time
0,2358875128
1,2355079238
2,2353924503
3,2358011793
4,2356873131
5,2356971469
6,2357278506
7,2355593999
8,2354569035
9,2358219739
10,2356861216
11,2354308447
12,2353565407
13,2357953286
14,2357751406
15,2357476507
16,2353704690
17,2357848524
18,2355768412
19,2355918709
20,2355760712
21,2357727879
22,2357533356
23,2359047238
24,2359189224
25,2359515683
26,2359574268
27,2359614571
28,2359789343
29,2359814522
30,2359546131
31,2360503061
32,2360573167
33,2361323472
34,2362612357
35,2360596911
36,2362409946
37,2361171296
38,2360585360
39,2362349360
40,2363855108
41,2361514191
42,2364014375
43,2361676426
44,2368622621
45,2364946382
46,2372600018
47,2390278673
48,2364112387
49,2370118887
-1, 118007533172
