id,time
0,2359735870
1,2355433212
2,2355872446
3,2357166274
4,2358336083
5,2358084009
6,2358870960
7,2355397284
8,2357463314
9,2359299188
10,2358479012
11,2356482516
12,2354150237
13,2357049248
14,2357190641
15,2358563134
16,2356533548
17,2355708109
18,2352423949
19,2357507230
20,2354877627
21,2359534125
22,2355778108
23,2358167465
24,2357515126
25,2359823949
26,2359955558
27,2360711786
28,2360257647
29,2360089103
30,2360406875
31,2360932098
32,2361769829
33,2361958823
34,2362501457
35,2362449271
36,2362383734
37,2361000045
38,2361548905
39,2362668206
40,2389730828
41,2363238590
42,2363672392
43,2363182164
44,2367481519
45,2366318749
46,2372065713
47,2362882964
48,2365880939
49,2371576156
-1, 118030108270
