id,time
0,2365412469
1,2198310836
2,2363432222
3,2364131506
4,2364189490
5,2364093408
6,2364639754
7,2361441837
8,2364198118
9,2362124677
10,2365067821
11,2366059324
12,2365641265
13,2365885945
14,2366011774
15,2368933369
16,2367997744
17,2368636326
18,2367098368
19,2366541830
20,2366875396
21,2368405775
22,2367181825
23,2367466615
24,2369599583
25,2370183391
26,2370952188
27,2370510614
28,2372700010
29,2371790138
30,2370967260
31,2374081422
32,2375088388
33,2373694122
34,2374664994
35,2375622454
36,2375424752
37,2375981929
38,2376376396
39,2376957068
40,2378352148
41,2376633368
42,2378371738
43,2378433718
44,2381204295
45,2385204140
46,2379947757
47,2378462533
48,2379658027
49,2387095667
-1, 118387738033
