id,time
0,2358208824
1,2312260405
2,2358047576
3,2358074064
4,2359833217
5,2358421812
6,2363426980
7,2360951285
8,2361398971
9,2361206967
10,2362914641
11,2363209013
12,2361694331
13,2360044557
14,2360102196
15,2360960301
16,2361789893
17,2361828231
18,2362677148
19,2360872336
20,2362700943
21,2361418316
22,2361162604
23,2364013736
24,2363563701
25,2364096844
26,2364268087
27,2364389023
28,2364524793
29,2365380877
30,2364537520
31,2364637687
32,2364902161
33,2364900584
34,2364625174
35,2365266175
36,2367054128
37,2367352264
38,2365956162
39,2366388181
40,2365962438
41,2369559682
42,2368339856
43,2369203859
44,2371511428
45,2373334074
46,2372897495
47,2390210863
48,2372694831
49,2371696805
-1, 118184475662
