id,time
0,1416132248
1,1411812851
2,1412701027
3,1414549607
4,1415706251
5,1414649914
6,1416066898
7,1414000378
8,1415810231
9,1416121597
10,1415819974
11,1416787956
12,1416749062
13,1416284702
14,1416669716
15,1416325194
16,1416639047
17,1416438346
18,1416737431
19,1416621533
20,1416599193
21,1416746430
22,1416701141
23,1416751958
24,1416392657
25,1416833155
26,1416833544
27,1417004092
28,1416981646
29,1417088643
30,1417204906
31,1417237574
32,1417136833
33,1417191355
34,1417492764
35,1417382433
36,1417371906
37,1417762166
38,1417982919
39,1417661783
40,1418448091
41,1417728234
42,1419458442
43,1417761877
44,1429874248
45,1417523597
46,1417627848
47,1418976053
48,1417637893
49,1417571074
-1, 70847590305
