id,time
0,2514762539
1,2142928458
2,2513079665
3,2513745416
4,2510188540
5,2511359077
6,2512878705
7,2514398418
8,2512088423
9,2518027023
10,2516932382
11,2514812085
12,2515465224
13,2515333565
14,2515938723
15,2517263330
16,2517631859
17,2515269289
18,2516403596
19,2518375207
20,2518130593
21,2518347551
22,2518145318
23,2518704744
24,2518913543
25,2519361460
26,2520117485
27,2520189162
28,2520562110
29,2520842439
30,2520783078
31,2521134905
32,2521846877
33,2522936439
34,2522403278
35,2522404788
36,2521981023
37,2521508511
38,2522705934
39,2523455788
40,2523877001
41,2525166208
42,2525604324
43,2526409040
44,2546079215
45,2536916036
46,2525264666
47,2525428440
48,2524031753
49,2523980658
-1, 125624116034
