id,time
0,2515827647
1,2128083639
2,2513107807
3,2514359176
4,2511627672
5,2510988752
6,2519604439
7,2517652418
8,2517901507
9,2516610874
10,2519381940
11,2517414824
12,2519005214
13,2515901706
14,2519113888
15,2519315191
16,2518107005
17,2516625172
18,2519053083
19,2518122720
20,2518520450
21,2519998193
22,2519811242
23,2520050007
24,2520104073
25,2520514035
26,2520593840
27,2520649673
28,2520873694
29,2521329940
30,2525408699
31,2522310583
32,2525358512
33,2525085195
34,2525581297
35,2521834991
36,2522805714
37,2523269338
38,2522794913
39,2546064280
40,2523095233
41,2524379099
42,2522116348
43,2524923056
44,2521644550
45,2521568530
46,2524392365
47,2522211152
48,2521881197
49,2521382607
-1, 125638359471
