id,time
0,2499162395
1,2442610722
2,2498026552
3,2498898270
4,2496132375
5,2498039632
6,2494419916
7,2494893179
8,2498978768
9,2504788086
10,2499868313
11,2502744851
12,2501222584
13,2504473908
14,2501993885
15,2501858016
16,2500842846
17,2503130283
18,2501842478
19,2501056897
20,2504444091
21,2504141915
22,2503416734
23,2503864375
24,2504945854
25,2504963913
26,2505265214
27,2504997616
28,2505516452
29,2506411115
30,2505839944
31,2506531364
32,2508729219
33,2508124679
34,2508251850
35,2508615371
36,2507758958
37,2507206763
38,2507608644
39,2508439000
40,2509596604
41,2510025348
42,2510585407
43,2513411742
44,2511614824
45,2512617317
46,2509677879
47,2511555902
48,2519009756
49,2511706079
-1, 125189862694
