id,time
0,1416061269
1,1411806867
2,1412621147
3,1414627763
4,1415004448
5,1414979117
6,1416048941
7,1415091295
8,1415308347
9,1415990504
10,1415104230
11,1415674809
12,1416027767
13,1415664352
14,1416006406
15,1415623258
16,1416481626
17,1416126746
18,1416208981
19,1416404002
20,1416262905
21,1416141577
22,1416618511
23,1416614835
24,1416565691
25,1416637150
26,1416751426
27,1417481024
28,1416832406
29,1418918046
30,1417738903
31,1418297353
32,1436342960
33,1417016143
34,1417500511
35,1417641629
36,1417692042
37,1418162640
38,1416814016
39,1418939130
40,1417209161
41,1417700558
42,1416811811
43,1417899422
44,1417318720
45,1416905510
46,1417629677
47,1417513133
48,1419167814
49,1417259213
-1, 70847247897
