id,time
0,2498072598
1,2465541069
2,2497145235
3,2496375359
4,2497392624
5,2494057691
6,2490875789
7,2496230665
8,2495644983
9,2497489733
10,2501311939
11,2498941469
12,2501117353
13,2499186366
14,2501180927
15,2499801766
16,2499536246
17,2501283048
18,2499389255
19,2502907796
20,2501913571
21,2501705150
22,2501930087
23,2502006282
24,2501875668
25,2503000692
26,2503507436
27,2503521724
28,2503816979
29,2504031752
30,2504067763
31,2504126199
32,2504209394
33,2504340334
34,2504597840
35,2505520496
36,2504892528
37,2505645004
38,2505594836
39,2505963170
40,2506572488
41,2508791043
42,2510482370
43,2509215093
44,2524322773
45,2507864872
46,2506089170
47,2505899709
48,2505763939
49,2506874213
-1, 125101627118
