id,time
0,1427352365
1,1299901037
2,1427211935
3,1433907542
4,1430984363
5,1431044722
6,1432170774
7,1430484223
8,1433058194
9,1430774111
10,1433048726
11,1432662358
12,1433355707
13,1433233241
14,1433124943
15,1433126873
16,1433542561
17,1432953047
18,1433707981
19,1433449645
20,1432664443
21,1429254811
22,1433764281
23,1433786848
24,1432978464
25,1433985874
26,1434121407
27,1434238225
28,1434131860
29,1434403452
30,1434243152
31,1434354443
32,1434381880
33,1435301650
34,1436535408
35,1435807078
36,1434768470
37,1434417469
38,1434690490
39,1434622855
40,1435030711
41,1434545980
42,1435252701
43,1435198590
44,1435014267
45,1434542804
46,1435210939
47,1435313194
48,1435981545
49,1448477120
-1, 71556117292
