id,time
0,2517367297
1,2155679335
2,2516589472
3,2517047064
4,2516505722
5,2515286282
6,2513916314
7,2517225896
8,2516191320
9,2515776372
10,2512288420
11,2514018725
12,2514771547
13,2515823286
14,2509348904
15,2512349636
16,2515128028
17,2512852974
18,2509254517
19,2518293945
20,2518190287
21,2517895748
22,2518761200
23,2518498847
24,2518537833
25,2519196594
26,2520193894
27,2520308902
28,2520872321
29,2521196047
30,2519986020
31,2521231507
32,2519864038
33,2520569051
34,2520010191
35,2525330921
36,2521632886
37,2525775575
38,2523032585
39,2524156239
40,2521965013
41,2523711368
42,2526066186
43,2522446720
44,2523128986
45,2521807549
46,2526095481
47,2523404975
48,2523014462
49,2542410934
-1, 125605011054
