id,time
0,2500100348
1,2446460539
2,2499702397
3,2495471848
4,2498221410
5,2493090622
6,2489668903
7,2499071576
8,2497934819
9,2498773260
10,2491914829
11,2494515405
12,2499575127
13,2503517410
14,2501941566
15,2502206491
16,2500293641
17,2502856743
18,2500280699
19,2503220702
20,2502070629
21,2502476335
22,2502405994
23,2503657962
24,2503876354
25,2504105634
26,2504944381
27,2504820133
28,2505104582
29,2505578398
30,2509030862
31,2507510234
32,2509180553
33,2510143507
34,2509907031
35,2510792059
36,2506653085
37,2505773885
38,2511003761
39,2507551523
40,2506813042
41,2510773622
42,2511423199
43,2512352538
44,2513311984
45,2512973612
46,2514372570
47,2516113051
48,2522063467
49,2536023921
-1, 125201630386
