id,time
0,2496765425
1,2480403337
2,2494420824
3,2495511845
4,2493411437
5,2495347191
6,2493945430
7,2496544554
8,2493738740
9,2493765991
10,2494741125
11,2495755611
12,2493639470
13,2492868923
14,2495584656
15,2486131690
16,2496719451
17,2497564985
18,2497283567
19,2497096715
20,2497057280
21,2498633219
22,2497730947
23,2498288117
24,2498630731
25,2498661124
26,2498682965
27,2498772453
28,2498879871
29,2499358371
30,2499000285
31,2499539124
32,2504140842
33,2500780906
34,2500622511
35,2502180757
36,2502423772
37,2500323214
38,2503965808
39,2503929210
40,2501123328
41,2502747426
42,2500153470
43,2500057904
44,2501600925
45,2504365374
46,2545585166
47,2504706409
48,2521477900
49,2507518657
-1, 124972181938
