id,time
0,2497194380
1,2491010537
2,2494382414
3,2492951774
4,2496292623
5,2492512937
6,2491958866
7,2496659466
8,2494591038
9,2494043090
10,2492127199
11,2492457985
12,2492067987
13,2497124690
14,2496889600
15,2490113060
16,2495508688
17,2492968844
18,2488838225
19,2488689718
20,2491216008
21,2497589854
22,2497445431
23,2497342125
24,2497254509
25,2497819065
26,2497854305
27,2497902898
28,2498813999
29,2499207753
30,2498864542
31,2499443473
32,2498021639
33,2498831842
34,2499842383
35,2506273927
36,2501752961
37,2499969962
38,2501515569
39,2504820185
40,2501175556
41,2504616750
42,2501121810
43,2500744344
44,2503450710
45,2500236995
46,2501353253
47,2500074991
48,2522136057
49,2506171122
-1, 124891249696
