id,time
0,2499459725
1,2470155764
2,2498417295
3,2496529392
4,2499251811
5,2496909589
6,2498321658
7,2499060276
8,2496569013
9,2497579673
10,2494624900
11,2496189105
12,2499023315
13,2497148787
14,2495519476
15,2499125467
16,2493246540
17,2500473980
18,2500239669
19,2500398775
20,2499701000
21,2499519900
22,2501219880
23,2500539689
24,2501951581
25,2502200031
26,2502414774
27,2502263634
28,2503200408
29,2503272014
30,2503610195
31,2503736250
32,2503754152
33,2503759267
34,2503282586
35,2504492459
36,2505826594
37,2506654865
38,2506752890
39,2506933221
40,2504542564
41,2505682401
42,2506684143
43,2506983590
44,2504825086
45,2506584897
46,2507673022
47,2507951103
48,2509409487
49,2523693436
-1, 125077362574
