id,time
0,1412478132
1,1411960057
2,1418318393
3,1415178493
4,1417031138
5,1418008748
6,1417012592
7,1417164659
8,1414628139
9,1417347802
10,1415650422
11,1417457269
12,1418305225
13,1417799680
14,1417566857
15,1417561194
16,1418296459
17,1419950152
18,1418432452
19,1419734361
20,1418805464
21,1419891786
22,1419858618
23,1418339629
24,1419982520
25,1419999241
26,1420319987
27,1420569478
28,1420556298
29,1420835067
30,1420696194
31,1420813714
32,1420911288
33,1421456787
34,1421279933
35,1421947741
36,1420990260
37,1422483488
38,1422218687
39,1421098275
40,1421540128
41,1422613618
42,1422065289
43,1421041659
44,1423130590
45,1422084759
46,1421516892
47,1422926881
48,1422097551
49,1437060717
-1, 70989016843
