id,time
0,2500021098
1,2461438631
2,2498614147
3,2496187435
4,2499785377
5,2494525722
6,2496596940
7,2499261353
8,2495481672
9,2499641410
10,2495783635
11,2496051565
12,2497376244
13,2491646890
14,2498785308
15,2501525457
16,2500503855
17,2500319006
18,2500860890
19,2500614289
20,2502760326
21,2501651946
22,2501885559
23,2502362240
24,2502816720
25,2502927627
26,2503515740
27,2504334699
28,2506744325
29,2504174352
30,2506746641
31,2503602851
32,2506171669
33,2505487975
34,2504076129
35,2503073687
36,2504151609
37,2504810814
38,2504072503
39,2505764633
40,2506871217
41,2507756837
42,2508232824
43,2511740507
44,2509484648
45,2507075974
46,2507439967
47,2524160995
48,2515858841
49,2510816126
-1, 125115593950
