id,time
0,1425543555
1,1301254145
2,1431920328
3,1427801794
4,1430242146
5,1427034584
6,1431174220
7,1431343508
8,1431015276
9,1430476289
10,1431662152
11,1430977520
12,1430824192
13,1432141489
14,1432007706
15,1432066480
16,1432012213
17,1432043561
18,1432345330
19,1432183610
20,1432170016
21,1432352938
22,1432345466
23,1432443065
24,1432607135
25,1432722407
26,1433177571
27,1433687331
28,1433727520
29,1433407066
30,1433218485
31,1433251832
32,1433325693
33,1433489180
34,1432762065
35,1433791465
36,1447204975
37,1436704775
38,1434246802
39,1434541521
40,1433932166
41,1433819521
42,1434231127
43,1434597372
44,1435423678
45,1434817575
46,1434266803
47,1434149888
48,1434641688
49,1446391638
-1, 71523521709
