id,time
0,2496163189
1,2432730474
2,2495643618
3,2490467298
4,2492311583
5,2492172275
6,2502822767
7,2502811435
8,2502179208
9,2501448067
10,2497819186
11,2499386732
12,2501948201
13,2501761738
14,2502699271
15,2502744793
16,2500221747
17,2497582285
18,2502657312
19,2502036061
20,2498781924
21,2500824651
22,2500232451
23,2500190136
24,2502960456
25,2502990143
26,2503118435
27,2503451880
28,2504394492
29,2503761494
30,2504363772
31,2505009618
32,2504422695
33,2504571370
34,2508236217
35,2506598955
36,2506047219
37,2505533289
38,2507239850
39,2505928429
40,2505716940
41,2505813143
42,2505269074
43,2507485222
44,2506287057
45,2505421219
46,2509184000
47,2566529855
48,2581264526
49,2513780661
-1, 125203018880
