id,time
0,2506944605
1,2276035944
2,2502962737
3,2500707566
4,2506528117
5,2511012496
6,2509976660
7,2507225541
8,2510472251
9,2508930527
10,2507088496
11,2509316251
12,2508136946
13,2508846934
14,2508912354
15,2507284912
16,2507969924
17,2509073505
18,2512338346
19,2511134498
20,2511530485
21,2511499929
22,2512089929
23,2512086013
24,2512521000
25,2512582370
26,2513139479
27,2514098754
28,2513725466
29,2514331031
30,2513931600
31,2513433428
32,2514936316
33,2515127030
34,2515507629
35,2517169508
36,2515778591
37,2515314750
38,2516360783
39,2532302588
40,2515802572
41,2516138648
42,2517946157
43,2516095606
44,2515843045
45,2515713424
46,2568711460
47,2516026030
48,2515452872
49,2518630737
-1, 125444728733
