id,time
0,1415147393
1,1412239644
2,1415043566
3,1415942620
4,1415148288
5,1415270176
6,1415913673
7,1415266528
8,1416965115
9,1416420700
10,1416954924
11,1416149799
12,1415952945
13,1416888449
14,1416872469
15,1415976795
16,1416877730
17,1416559420
18,1416113242
19,1417496323
20,1417023468
21,1417146252
22,1417191294
23,1417474652
24,1417539252
25,1417699325
26,1417709285
27,1417850153
28,1418092534
29,1418161249
30,1417914827
31,1418207497
32,1417944271
33,1419037532
34,1419209626
35,1418359588
36,1418809738
37,1418874359
38,1418736494
39,1418402246
40,1418648036
41,1418290356
42,1433381402
43,1418588922
44,1418312279
45,1418392299
46,1418532236
47,1418439189
48,1419044242
49,1418342226
-1, 70880557475
