id,time
0,2489506458
1,2488902743
2,2488194610
3,2489222286
4,2487224737
5,2483751995
6,2493601917
7,2492724637
8,2492229358
9,2490700144
10,2492643647
11,2491026792
12,2491747087
13,2491313497
14,2492313637
15,2493163643
16,2492876435
17,2493235776
18,2492083425
19,2490588288
20,2490546012
21,2493057579
22,2492133037
23,2490273419
24,2491712199
25,2493706145
26,2494063285
27,2494138914
28,2494108214
29,2496416933
30,2495998692
31,2498418782
32,2495261050
33,2496475497
34,2494521771
35,2497331387
36,2496138363
37,2494192422
38,2496507453
39,2494605272
40,2496822147
41,2501036832
42,2499524547
43,2494589212
44,2496369624
45,2501323449
46,2502523828
47,2505142987
48,2512313581
49,2503740081
-1, 124720047300
