id,time
0,2499830141
1,2435098640
2,2499824681
3,2498141025
4,2495600927
5,2497378090
6,2496135679
7,2492733182
8,2498954207
9,2499446273
10,2502080702
11,2500081009
12,2501416835
13,2501040663
14,2504625419
15,2504593269
16,2504401895
17,2503233024
18,2503936850
19,2502431405
20,2502203759
21,2504140752
22,2503968104
23,2505027229
24,2505472188
25,2505500892
26,2505556361
27,2505876684
28,2506393180
29,2505611470
30,2506713353
31,2506676425
32,2505945598
33,2506118512
34,2505580945
35,2505714577
36,2509028811
37,2510017701
38,2507511532
39,2506719909
40,2509467159
41,2509876487
42,2508734139
43,2509227998
44,2563203286
45,2508700779
46,2506964824
47,2509313886
48,2507567637
49,2514628996
-1, 125208449069
