id,time
0,2520755005
1,1990617188
2,2520078101
3,2516847995
4,2516323820
5,2514437721
6,2519584070
7,2516763070
8,2522569044
9,2521097689
10,2522119921
11,2521603401
12,2522078604
13,2522249666
14,2523970176
15,2522904536
16,2522837153
17,2523671299
18,2523845019
19,2523732166
20,2522852400
21,2524012059
22,2523981948
23,2524301516
24,2524276502
25,2524605960
26,2524665756
27,2524970474
28,2530655537
29,2532233571
30,2529079768
31,2525723615
32,2529654826
33,2529011647
34,2535201415
35,2526887523
36,2550488178
37,2531754748
38,2525387008
39,2525172878
40,2527320768
41,2525804957
42,2526581141
43,2527938995
44,2528515866
45,2526713918
46,2531360894
47,2531072445
48,2525595115
49,2525474472
-1, 125729384863
