id,time
0,2516903949
1,2188776270
2,2514540165
3,2515790611
4,2514496459
5,2512071382
6,2512870580
7,2511715306
8,2511413857
9,2513309042
10,2509709143
11,2514086015
12,2516117622
13,2513662389
14,2513484453
15,2516170025
16,2515259868
17,2516775213
18,2510028700
19,2511120704
20,2511989503
21,2515893181
22,2509432861
23,2517345397
24,2517256170
25,2517439115
26,2517522727
27,2518314112
28,2517958903
29,2517845378
30,2517571262
31,2517869718
32,2520199818
33,2520048849
34,2519913973
35,2522061568
36,2522341400
37,2521627597
38,2521613691
39,2524923913
40,2523792658
41,2521521833
42,2520856207
43,2520204181
44,2520867615
45,2521791721
46,2521533788
47,2522393979
48,2545888459
49,2520887408
-1, 125557211214
