id,time
0,2508030138
1,2264679769
2,2503464534
3,2506930844
4,2514135331
5,2512373881
6,2511247185
7,2512242430
8,2511885587
9,2511140075
10,2511400827
11,2513080001
12,2510580257
13,2512602688
14,2510129018
15,2509412501
16,2511296582
17,2512738101
18,2510871594
19,2510414765
20,2511511207
21,2512644554
22,2511553841
23,2510861234
24,2510845084
25,2514348148
26,2514414005
27,2514480641
28,2515136225
29,2515131673
30,2515266105
31,2514655406
32,2515874994
33,2515926641
34,2515843806
35,2516896811
36,2516565634
37,2516275518
38,2516953792
39,2518371208
40,2519816132
41,2519359410
42,2517202308
43,2517307606
44,2517359376
45,2520177230
46,2517726021
47,2517709667
48,2519535677
49,2538034933
-1, 125466443648
