id,time
0,1432115406
1,1175325747
2,1441194135
3,1435096604
4,1437526771
5,1439828877
6,1441168892
7,1440945898
8,1440029660
9,1440126708
10,1440398564
11,1441020997
12,1440444474
13,1433888032
14,1440762030
15,1440796746
16,1440546542
17,1439851995
18,1440198116
19,1440528880
20,1441004394
21,1441456567
22,1441309980
23,1441380614
24,1441472956
25,1441494887
26,1441657963
27,1441513929
28,1441772509
29,1442026851
30,1441840650
31,1441792917
32,1442054506
33,1442071749
34,1442161507
35,1442454269
36,1442510120
37,1443292935
38,1442436281
39,1443365761
40,1442740325
41,1443297820
42,1442779955
43,1442209908
44,1442923774
45,1443993737
46,1442397779
47,1442431057
48,1442722710
49,1455162285
-1, 71801528170
