id,time
0,744782010
1,743205614
2,744778382
3,744751245
4,744768340
5,744755875
6,744752024
7,744773585
8,744749860
9,744759442
10,744792680
11,744788053
12,744785805
13,744783554
14,744790807
15,744792033
16,744792563
17,744826938
18,744793885
19,744811051
20,744819050
21,744794581
22,744803859
23,744824412
24,744826954
25,744827931
26,744828680
27,744829136
28,744830119
29,744832102
30,744833135
31,744874580
32,744835669
33,744924041
34,744860898
35,744880070
36,744905451
37,744908854
38,744856129
39,744862125
40,744907487
41,744856624
42,745143404
43,745089940
44,744957021
45,745151945
46,745175237
47,745047220
48,745096008
49,744959244
-1, 37241378177
