id,time
0,744834514
1,744796429
2,744823409
3,744804765
4,744829492
5,744731887
6,744744405
7,744825655
8,744803757
9,744767905
10,744798608
11,744797537
12,744770703
13,744731514
14,744831523
15,744756623
16,744764306
17,744798160
18,744810130
19,744801615
20,744845532
21,744844111
22,744837429
23,744858448
24,744854640
25,744867085
26,744868818
27,744869458
28,744869837
29,744975398
30,744876025
31,744907295
32,744964068
33,744947173
34,744934065
35,744895389
36,744879583
37,744952708
38,745027764
39,744996442
40,744976502
41,744996276
42,745034402
43,745012989
44,744988414
45,744999209
46,744975538
47,745087639
48,747582137
49,745144208
-1, 37246693293
