id,time
0,744320102
1,742987101
2,744306262
3,744280611
4,744307941
5,744334731
6,744325839
7,744326724
8,744330054
9,744330832
10,744333799
11,744333594
12,744331998
13,744353610
14,744340212
15,744346981
16,744344931
17,744345559
18,744349205
19,744345093
20,744362789
21,744359584
22,744356417
23,744358090
24,744357925
25,744363590
26,744387680
27,744379253
28,744613271
29,744369733
30,744375361
31,744559214
32,744572708
33,744692683
34,744486182
35,744367942
36,744391317
37,744387038
38,744480394
39,744892133
40,744467513
41,744389511
42,744444342
43,744558998
44,744443432
45,744562696
46,744429128
47,744478089
48,744708058
49,744589676
-1, 37219461767
