id,time
0,744867496
1,744866020
2,744825769
3,744816213
4,744831592
5,744812162
6,744856716
7,744842581
8,745008871
9,745004096
10,744997040
11,744942169
12,744971629
13,744961870
14,744899843
15,744949091
16,744956684
17,745008174
18,744991255
19,744989252
20,744882138
21,745036962
22,745018263
23,745046855
24,745063602
25,745070282
26,745100062
27,745200572
28,745170107
29,745075688
30,745075024
31,745140800
32,745218561
33,745204484
34,745084567
35,745150982
36,745228655
37,745465225
38,745357948
39,745232734
40,745271615
41,747801700
42,745332559
43,745345348
44,745262207
45,745438050
46,745258958
47,745260773
48,745248354
49,745302178
-1, 37256745787
