id,time
0,744664923
1,744663599
2,744655167
3,744616034
4,744592202
5,744586524
6,744612691
7,744547835
8,744630365
9,744564982
10,744589611
11,744644087
12,744628894
13,744662878
14,744636975
15,744590627
16,744574704
17,744617667
18,744656168
19,744650624
20,744643586
21,744676957
22,744674143
23,744668219
24,744667615
25,744683949
26,744684960
27,744686598
28,744688420
29,744691857
30,744696767
31,744786890
32,744827196
33,744702547
34,744858828
35,746290806
36,744967761
37,744783293
38,744894325
39,744957994
40,744853312
41,744724202
42,744830449
43,744779129
44,744743031
45,744834147
46,744730185
47,744701437
48,744796118
49,745117395
-1, 37237030776
