id,time
0,744793814
1,744458216
2,744788381
3,744791865
4,744784418
5,744747759
6,744775442
7,744821235
8,744817696
9,744797638
10,744811427
11,744802692
12,744818353
13,744800208
14,744814215
15,744808036
16,744819412
17,744814061
18,744830699
19,744829537
20,744821555
21,744824011
22,744828043
23,744832221
24,744833375
25,744836158
26,744841988
27,744836615
28,744841298
29,744838632
30,744851290
31,744836355
32,744847914
33,744847014
34,744842441
35,744892708
36,744859613
37,744852802
38,744883449
39,744928211
40,744856100
41,744870529
42,744863525
43,744922675
44,744855651
45,744878464
46,744896326
47,744871129
48,744955228
49,745014588
-1, 37241686656
