id,time
0,745152111
1,745111249
2,744915795
3,745014028
4,745077417
5,745005969
6,744948313
7,745138036
8,745016098
9,745111253
10,745011210
11,745027145
12,745038033
13,745117952
14,745134041
15,745112221
16,744877847
17,745059684
18,745115023
19,745057102
20,745053288
21,745176778
22,745156857
23,745163509
24,745165101
25,745179028
26,745180512
27,745187522
28,745230902
29,745199389
30,745189268
31,745202205
32,745225588
33,745216861
34,745237832
35,745244385
36,745250490
37,745259542
38,745411805
39,745308375
40,745391442
41,745397343
42,745305748
43,745272518
44,745272883
45,745385281
46,745286062
47,745439779
48,745288358
49,746617557
-1, 37259938865
