id,time
0,745098826
1,744967483
2,744967035
3,745023734
4,745039129
5,745069876
6,745086952
7,744930381
8,744917599
9,745071720
10,744905161
11,745043150
12,745013584
13,744941004
14,744984483
15,745035193
16,745096890
17,744995378
18,744976080
19,745023756
20,745097613
21,745086668
22,745004849
23,745037158
24,745113800
25,745115586
26,745118439
27,745125113
28,745122460
29,745132937
30,745132660
31,745133385
32,745132065
33,745136891
34,745137703
35,745142536
36,745172828
37,745174963
38,745380472
39,745277577
40,745241971
41,745215311
42,745359741
43,745526351
44,745211466
45,745329086
46,745238074
47,745201745
48,745300768
49,746501723
-1, 37257092225
