id,time
0,744934668
1,744896762
2,744928972
3,744790917
4,744906753
5,744863292
6,744849578
7,744899499
8,744864582
9,744930116
10,744832996
11,744873459
12,744885826
13,744823004
14,744870363
15,744847078
16,744889875
17,744875208
18,744930565
19,744954164
20,744952852
21,745012893
22,744993265
23,744960604
24,744985600
25,745018779
26,745031902
27,745040300
28,745123476
29,745113225
30,745093230
31,745048758
32,745101009
33,745089276
34,745093616
35,745089991
36,745107483
37,745041710
38,745170734
39,745173863
40,745151965
41,745150525
42,745161886
43,745178987
44,745224678
45,745217336
46,745481494
47,745246988
48,745188955
49,747609437
-1, 37253503997
