id,time
0,744697073
1,744616579
2,744665691
3,744636700
4,744638936
5,744690383
6,744659998
7,744630046
8,744609857
9,744583790
10,744655433
11,744655845
12,744645320
13,744666047
14,744671782
15,744608623
16,744745353
17,744704915
18,744737709
19,744725374
20,744739653
21,744699651
22,744712559
23,744699984
24,744712550
25,744749237
26,744749763
27,744756227
28,747419010
29,744952599
30,744763344
31,744832478
32,744765232
33,744852257
34,745000632
35,744811956
36,744856965
37,744952548
38,744925885
39,744777573
40,744927835
41,744979608
42,744912265
43,744847057
44,744779669
45,744852885
46,744939664
47,744890712
48,744842336
49,745061490
-1, 37241010637
