id,time
0,744886032
1,744860508
2,745049686
3,744939156
4,744968466
5,744921250
6,744955692
7,745007230
8,745046498
9,744984580
10,744968106
11,745043980
12,745044692
13,745002115
14,745027632
15,745047387
16,745027282
17,744964587
18,745073208
19,745066093
20,745052719
21,745082838
22,745075974
23,745079244
24,745086581
25,745089295
26,745095003
27,745107402
28,745096091
29,745108137
30,745109086
31,745219571
32,745188465
33,745140542
34,745111129
35,745178932
36,745138047
37,745215291
38,745158068
39,745150019
40,745139483
41,745120877
42,745138437
43,745223966
44,745447253
45,745341618
46,747887471
47,745246650
48,745329483
49,745484349
-1, 37257728132
