id,time
0,745085483
1,745051282
2,745075506
3,745082798
4,744975407
5,744972094
6,745064953
7,745071577
8,744915654
9,744978277
10,745000825
11,744914371
12,744993241
13,745096724
14,745090103
15,745123128
16,745120605
17,745111458
18,745099634
19,745183378
20,745131120
21,745125585
22,745157634
23,745171232
24,745190441
25,745199039
26,745200399
27,745207230
28,745202125
29,745215230
30,745217265
31,745208616
32,745222971
33,745234848
34,745246118
35,745233212
36,745249998
37,745262460
38,745374295
39,745268174
40,745320912
41,745266788
42,745307946
43,745391925
44,745284486
45,745525819
46,745447056
47,745277536
48,746686302
49,745565932
-1, 37260400892
