id,time
0,744856982
1,743272527
2,744847785
3,744850728
4,744813458
5,744819095
6,744828622
7,744851333
8,744805005
9,744836715
10,744830580
11,744823657
12,744848239
13,744838679
14,744843815
15,744797924
16,744889426
17,744872313
18,744858802
19,744862292
20,744866738
21,744896008
22,744893455
23,744897976
24,744898668
25,744932281
26,744936054
27,744939068
28,744950278
29,745037110
30,745031759
31,745043951
32,745066562
33,745008157
34,745084428
35,744956392
36,745167917
37,745177608
38,745063252
39,744984372
40,745022084
41,745061791
42,744963555
43,744973829
44,744989215
45,744984072
46,744950589
47,745016377
48,744969366
49,745041243
-1, 37245054303
