id,time
0,744884729
1,744861750
2,744831798
3,744817277
4,744851148
5,744815005
6,744827910
7,744765265
8,744880620
9,745016589
10,744958516
11,745015299
12,744993374
13,744892527
14,744944247
15,744994799
16,744948293
17,744917264
18,744947742
19,745046423
20,745030800
21,745031945
22,745025253
23,745020597
24,745050183
25,745051771
26,745067420
27,745056921
28,745055667
29,745120252
30,745104988
31,745097915
32,745157064
33,745188643
34,745107977
35,745107305
36,745312756
37,745129960
38,745109990
39,745105645
40,745113695
41,745113255
42,745179825
43,745235995
44,745074415
45,745126253
46,745097642
47,745131792
48,745093876
49,747701758
-1, 37254013884
