id,time
0,745162679
1,745049192
2,745055033
3,745027706
4,745145859
5,745030593
6,745011174
7,745136386
8,745005446
9,745088403
10,745072676
11,745142613
12,745161183
13,745072861
14,745162107
15,745161114
16,745079415
17,745129703
18,745106393
19,745150167
20,745182104
21,745167421
22,745167121
23,745177839
24,745182745
25,745190879
26,745193119
27,745202759
28,745306546
29,745233591
30,745298824
31,745241285
32,745313587
33,745319729
34,745228151
35,745257733
36,745320790
37,745345823
38,745332948
39,745329374
40,745373611
41,745459595
42,745563551
43,745410132
44,745376087
45,745395252
46,745427629
47,747753658
48,745350644
49,745407262
-1, 37263462609
