id,time
0,744829448
1,744370580
2,744800631
3,744780058
4,744797759
5,744792736
6,744796902
7,744773596
8,744785753
9,744810691
10,744824849
11,744819666
12,744782886
13,744810165
14,744806118
15,744819483
16,744779759
17,744849328
18,744830568
19,744830670
20,744845611
21,744865401
22,744858203
23,744858714
24,744860579
25,744869591
26,744877636
27,744886913
28,744889218
29,744916131
30,744940129
31,745094126
32,745077638
33,744997234
34,744942989
35,745018863
36,745008703
37,744940150
38,744928913
39,744954228
40,745080097
41,744970929
42,745099605
43,745189863
44,745125166
45,745375863
46,745138132
47,745146929
48,745104095
49,745142437
-1, 37245697368
