id,time
0,744973822
1,744954051
2,744796638
3,744785046
4,744794369
5,744882719
6,744817667
7,744873873
8,744856124
9,744933094
10,744916878
11,744930888
12,744799416
13,744847398
14,744936992
15,744944671
16,744838678
17,744852359
18,744825608
19,744870124
20,744930058
21,744913170
22,744827996
23,744951336
24,744976115
25,744993426
26,744993468
27,745003714
28,745064801
29,745039105
30,745003356
31,745001029
32,745069518
33,745066911
34,745080075
35,745076865
36,745120595
37,745089829
38,745089252
39,745167762
40,745220161
41,745332846
42,745160764
43,745122294
44,745126173
45,745316572
46,745146615
47,745132057
48,745463776
49,746959248
-1, 37251871136
