id,time
0,744988732
1,744986133
2,744908789
3,744862582
4,744825653
5,744842070
6,744829508
7,744884839
8,744928954
9,744835131
10,744938150
11,744838173
12,744905021
13,744837226
14,744866530
15,744808035
16,744847155
17,744840699
18,744862965
19,744902727
20,744961647
21,744844542
22,745017322
23,745011834
24,744991491
25,745032230
26,745038828
27,745055090
28,745081325
29,745078086
30,745040846
31,745070328
32,745086736
33,745122431
34,745126045
35,745164614
36,745087031
37,745138136
38,745130757
39,745205634
40,745165044
41,745124365
42,745090886
43,745227408
44,745275830
45,745096877
46,745360639
47,745137668
48,745208764
49,746794560
-1, 37252307975
