id,time
0,744880241
1,744874844
2,744858323
3,744841667
4,744803486
5,743266275
6,744872697
7,744868536
8,744812044
9,744853962
10,744753140
11,744902969
12,744886174
13,744886504
14,744891607
15,744885009
16,744890535
17,744896908
18,744883201
19,744923913
20,744911974
21,744907896
22,744920177
23,744925386
24,744930497
25,744948000
26,744955266
27,744979896
28,744964530
29,744998356
30,745008540
31,745016967
32,744999256
33,745006886
34,745022959
35,745005341
36,745025069
37,745033671
38,745035584
39,745028467
40,745025490
41,745028853
42,745061810
43,745144575
44,745056145
45,745046825
46,745160853
47,745072157
48,745042552
49,745154513
-1, 37246153079
