id,time
0,744692751
1,744665313
2,744573949
3,744635117
4,744679746
5,744638193
6,744636507
7,744686601
8,744609865
9,744608170
10,744677662
11,744638934
12,744581284
13,744649488
14,744574056
15,744621509
16,744659801
17,744615975
18,744662643
19,744757696
20,744730044
21,744755572
22,744741256
23,744715323
24,744764077
25,744790813
26,744791545
27,744811447
28,744821125
29,744839091
30,744869954
31,744845403
32,744876593
33,744881322
34,747616283
35,744957090
36,744965866
37,744942549
38,745140058
39,744913941
40,744963011
41,744919940
42,744976328
43,745066142
44,745022977
45,744996062
46,744905280
47,744990548
48,744953870
49,744986522
-1, 37242417033
