id,time
0,744684102
1,744551267
2,744586109
3,744603596
4,744604435
5,744625593
6,744591132
7,744622331
8,744568638
9,744672110
10,744616007
11,744557575
12,744605767
13,744566165
14,744659182
15,744643260
16,744563305
17,744646086
18,744664009
19,744630393
20,744604856
21,744664316
22,744657324
23,744672997
24,744586391
25,744689335
26,744710727
27,744712965
28,744734090
29,744737148
30,744746161
31,744753841
32,744781453
33,744771476
34,744787642
35,744797429
36,744757120
37,744857872
38,744912802
39,744955195
40,744897409
41,744961024
42,744973800
43,745044614
44,744958183
45,744914346
46,744965742
47,744918393
48,744958217
49,758732751
-1, 37250478685
