id,time
0,745027138
1,744975468
2,744977627
3,745001490
4,745016981
5,745026107
6,744970890
7,745024737
8,744977712
9,745067593
10,745047181
11,745064577
12,745043523
13,745031776
14,745050145
15,745060623
16,745057155
17,745030987
18,745044694
19,745066165
20,745055432
21,745063305
22,745032215
23,745080506
24,745074943
25,745084259
26,745089583
27,745091036
28,745116823
29,745096953
30,745205819
31,745156902
32,745138148
33,745222324
34,745292631
35,745148593
36,745108559
37,745119348
38,745131679
39,745133393
40,745179991
41,745280799
42,745285290
43,745155866
44,745103194
45,745165150
46,745144354
47,745333035
48,747903548
49,746112266
-1, 37258670914
