id,time
0,745069757
1,745036748
2,744944604
3,745051165
4,745003778
5,745046617
6,745032605
7,745047330
8,745016768
9,745047703
10,745017891
11,744932368
12,745053173
13,745002148
14,744967628
15,745015789
16,745033073
17,745040630
18,745112895
19,745111458
20,745075301
21,745106102
22,745110341
23,745091695
24,745089967
25,745114129
26,745114866
27,745118815
28,745124796
29,745132760
30,745193860
31,745173695
32,745204384
33,745130006
34,745191257
35,745151850
36,745188624
37,745135381
38,745204032
39,745255598
40,745230395
41,745303059
42,745331420
43,745247756
44,745242569
45,745285542
46,745274713
47,745458763
48,745255856
49,746672555
-1, 37257796615
