id,time
0,744962582
1,744933034
2,744869978
3,744920847
4,744883729
5,744939999
6,744921304
7,744956059
8,745042522
9,744983326
10,745034655
11,745038768
12,745042496
13,744983840
14,745023754
15,745024004
16,745017570
17,744970505
18,745001872
19,745117661
20,745116921
21,745107051
22,745074199
23,745088705
24,745050036
25,745133319
26,745133725
27,745154176
28,745168244
29,745173348
30,745175117
31,745173712
32,745197844
33,745189809
34,745251114
35,745230417
36,745244154
37,745231595
38,745225217
39,745232844
40,745199670
41,745369139
42,745288941
43,745259873
44,745320814
45,745313114
46,745359883
47,745481536
48,745471425
49,747715795
-1, 37258801852
