id,time
0,2391657232
1,2348867778
2,2389508613
3,2390230318
4,2391624788
5,2388450322
6,2386745340
7,2386950497
8,2387959809
9,2387766202
10,2387960860
11,2389897220
12,2388687226
13,2390291113
14,2391605496
15,2386889383
16,2393863769
17,2393742933
18,2393774749
19,2393860472
20,2393606856
21,2392728514
22,2394405330
23,2393985994
24,2394646017
25,2394847301
26,2394938746
27,2395432968
28,2395593860
29,2396242340
30,2396722674
31,2396644551
32,2396390090
33,2396845452
34,2396567280
35,2396433160
36,2396883672
37,2396879304
38,2396887335
39,2397451204
40,2397361599
41,2396917823
42,2398767554
43,2397435700
44,2397391007
45,2397066272
46,2397035782
47,2398175419
48,2397064645
49,2397127654
-1, 119648812277
