id,time
0,2376205575
1,2376066590
2,2376117839
3,2376030927
4,2375218314
5,2376160428
6,2375556267
7,2375928564
8,2375979546
9,2375589751
10,2375962316
11,2375764243
12,2375693541
13,2375487169
14,2375856785
15,2375829284
16,2376033878
17,2375148088
18,2376320375
19,2376286555
20,2376275738
21,2376413301
22,2376397495
23,2376392141
24,2376422064
25,2376426204
26,2376456030
27,2376451147
28,2376601531
29,2376473116
30,2376859358
31,2377578916
32,2379041041
33,2376824176
34,2376640438
35,2376994025
36,2376845984
37,2377739296
38,2376791996
39,2385730941
40,2376659989
41,2376929932
42,2377384810
43,2376982836
44,2377209334
45,2376998972
46,2376491838
47,2376661275
48,2377398076
49,2376889624
-1, 118832200435
