id,time
0,2386271226
1,2375655441
2,2386077130
3,2385986434
4,2385901582
5,2385689144
6,2386194128
7,2385926963
8,2384866123
9,2384558572
10,2386050429
11,2385419519
12,2385485445
13,2386148080
14,2385434357
15,2385583782
16,2386068141
17,2385922891
18,2386453682
19,2386434069
20,2386311379
21,2386600427
22,2386538912
23,2386494027
24,2386607788
25,2386612011
26,2386626186
27,2386835400
28,2386862457
29,2386755208
30,2387104304
31,2387233247
32,2387220811
33,2387100468
34,2387039650
35,2386875719
36,2386955637
37,2387242974
38,2387422211
39,2387751260
40,2387765056
41,2387279025
42,2389858597
43,2387762160
44,2387404976
45,2387388145
46,2387444211
47,2387321007
48,2387948177
49,2387651699
-1, 119322143013
