id,time
0,2386838077
1,2373989549
2,2386817263
3,2386687934
4,2386146749
5,2386381017
6,2386482679
7,2386064635
8,2386531811
9,2387542466
10,2386918258
11,2386987204
12,2386991637
13,2387221708
14,2387314869
15,2387325049
16,2387368279
17,2387432450
18,2386913020
19,2387399890
20,2386842646
21,2387428889
22,2387137428
23,2387424867
24,2387581272
25,2387584610
26,2387685938
27,2387599028
28,2387694862
29,2387733509
30,2387789602
31,2387921030
32,2387742546
33,2388103265
34,2388015689
35,2388055398
36,2388105868
37,2388163412
38,2389349740
39,2388486568
40,2389270905
41,2388844869
42,2389612229
43,2388493629
44,2390239655
45,2388896763
46,2388634359
47,2389073356
48,2388217962
49,2388751315
-1, 119371838351
