id,time
0,2382211925
1,2378329177
2,2381679179
3,2381292235
4,2382204512
5,2381877059
6,2381900581
7,2381491865
8,2381863551
9,2382073295
10,2381964409
11,2382145778
12,2382029771
13,2382089622
14,2381688552
15,2381800541
16,2382198229
17,2381995409
18,2381846690
19,2381290197
20,2381920228
21,2381720778
22,2382345242
23,2382316851
24,2382292083
25,2382350196
26,2382353864
27,2382619472
28,2382487215
29,2382509480
30,2382735165
31,2382388598
32,2382455386
33,2382416362
34,2382462904
35,2382547913
36,2383297594
37,2383593059
38,2383428421
39,2383526783
40,2382968827
41,2382846027
42,2383973817
43,2383231138
44,2383173046
45,2383656856
46,2382884723
47,2383083716
48,2382766660
49,2384270386
-1, 119118598245
