id,time
0,2383618358
1,2376722123
2,2383433531
3,2377070203
4,2382849971
5,2383242368
6,2376949742
7,2382819538
8,2377893303
9,2382922612
10,2383573900
11,2382711146
12,2378463218
13,2382092047
14,2384329082
15,2384034716
16,2383948647
17,2384085625
18,2384306410
19,2384289417
20,2383622321
21,2383647451
22,2384524297
23,2384507622
24,2384477553
25,2384540743
26,2384602140
27,2384730845
28,2384772458
29,2384809818
30,2384874530
31,2384817866
32,2385083652
33,2385560118
34,2385393734
35,2385523306
36,2385528224
37,2385352288
38,2385166660
39,2384881299
40,2385656897
41,2385489448
42,2385242081
43,2385960629
44,2385873306
45,2386462281
46,2385673362
47,2386918637
48,2388033787
49,2385689262
-1, 119196774363
