id,time
0,2414148947
1,2208942244
2,2413641159
3,2413635748
4,2413789024
5,2413762077
6,2413496025
7,2414112339
8,2413641856
9,2413263121
10,2413866246
11,2414054205
12,2413438860
13,2413544206
14,2413920007
15,2414066766
16,2413234268
17,2413403491
18,2414049467
19,2413774788
20,2413518084
21,2413756023
22,2413714885
23,2414206744
24,2414180922
25,2414207814
26,2414226402
27,2414247322
28,2414298324
29,2414246914
30,2414315623
31,2414461130
32,2414405157
33,2414511683
34,2414338332
35,2414416029
36,2414403851
37,2414563331
38,2414667498
39,2414707593
40,2414647765
41,2414623741
42,2415355621
43,2415440144
44,2415473503
45,2414776722
46,2414782541
47,2414986816
48,2414956858
49,2419294790
-1, 120509518853
