id,time
0,2384039592
1,2376690998
2,2385399774
3,2384591651
4,2384471995
5,2385218823
6,2385271000
7,2384775943
8,2384971070
9,2384226554
10,2384571452
11,2384687551
12,2385018510
13,2385108046
14,2385254986
15,2384153639
16,2384571069
17,2384735288
18,2384724604
19,2385160486
20,2385427314
21,2385412884
22,2385414955
23,2385469312
24,2385476204
25,2385608500
26,2385713448
27,2385702954
28,2386386804
29,2385958815
30,2386149957
31,2385929115
32,2385897518
33,2385844657
34,2385753618
35,2386012786
36,2385972606
37,2385798805
38,2386021954
39,2386433857
40,2385959399
41,2387088621
42,2386632083
43,2394651783
44,2387528202
45,2387417737
46,2386568878
47,2386452807
48,2386444306
49,2387958840
-1, 119280733517
