id,time
0,744710489
1,744576892
2,744637598
3,744664323
4,744590478
5,744572827
6,744599735
7,744633820
8,744662902
9,744637361
10,744689278
11,744768934
12,744761204
13,744735153
14,744713159
15,744737439
16,744737103
17,744733573
18,744713700
19,744810860
20,744796524
21,744783105
22,744775581
23,744799058
24,744796497
25,744820386
26,744827406
27,744847401
28,744865941
29,744840735
30,744857772
31,744869517
32,744923297
33,744936668
34,744897406
35,744968231
36,745025694
37,768277087
38,744950782
39,744975592
40,744997163
41,744940923
42,745142194
43,745229491
44,744974233
45,745068870
46,745012582
47,744950185
48,745024926
49,745250989
-1, 37265114753
