id,time
0,744924369
1,744860224
2,744834900
3,744918260
4,744896756
5,744865840
6,744920692
7,744903988
8,744857702
9,744868103
10,744887870
11,744827181
12,744813842
13,744883085
14,744933172
15,744928988
16,744924637
17,744926789
18,744928897
19,744953573
20,744938892
21,744937638
22,744947386
23,744955505
24,744961589
25,744964666
26,744984626
27,744979036
28,744965721
29,744976215
30,744993164
31,745007802
32,745011468
33,745125924
34,745049738
35,745078253
36,745080283
37,745044237
38,745130983
39,745140830
40,745174279
41,745134595
42,745139199
43,745192129
44,745176694
45,745228612
46,745218079
47,745538821
48,851425713
49,745562227
-1, 37356925119
