id,time
0,744678818
1,744678062
2,744624391
3,744613574
4,744675760
5,744675807
6,744618566
7,744599220
8,744638378
9,744597599
10,744570262
11,744598518
12,744706191
13,744698552
14,744700305
15,744699336
16,744694337
17,744679688
18,744738738
19,744735680
20,744712383
21,744726006
22,744720807
23,744736352
24,744740141
25,744742165
26,744748882
27,744749009
28,744753296
29,744751313
30,744749702
31,744772455
32,744773784
33,744782403
34,744772899
35,744782861
36,744794247
37,744796557
38,744789586
39,744787829
40,744801636
41,744807878
42,744791662
43,745032595
44,744947528
45,745008579
46,744899467
47,744825135
48,744979384
49,751035080
-1, 37243535506
