id,time
0,744338496
1,744331577
2,744314290
3,744322138
4,744268038
5,744299695
6,744328719
7,744299219
8,744309042
9,744333908
10,744295483
11,744291423
12,744335500
13,744166390
14,744293460
15,744299532
16,744291157
17,744331865
18,744232211
19,744278686
20,744162299
21,744178706
22,744200614
23,744342445
24,744349991
25,744356450
26,744360037
27,744359522
28,744380777
29,744381298
30,744389011
31,744391828
32,744392815
33,744398073
34,744409909
35,744444815
36,744398541
37,744413380
38,744453542
39,744416048
40,744394849
41,744572471
42,744394988
43,744445718
44,744452018
45,744650331
46,751268508
47,744727485
48,744657609
49,744583629
-1, 37225291280
