id,time
0,744849793
1,744816463
2,744843771
3,744721428
4,744789434
5,744708508
6,744764355
7,744791883
8,744823083
9,744681675
10,744696837
11,744719072
12,744799480
13,744777812
14,744832805
15,744825957
16,744813914
17,744787690
18,744815806
19,744756569
20,744789492
21,744736879
22,744812282
23,744716677
24,744857762
25,744861667
26,744871572
27,744871178
28,744868302
29,744894853
30,744879082
31,744921830
32,745019919
33,745071348
34,745096697
35,744999334
36,745151498
37,744975797
38,744983181
39,745265284
40,745083089
41,744900100
42,745034282
43,744951512
44,750888353
45,744913518
46,744950126
47,744919033
48,745129266
49,744909913
-1, 37249944366
