id,time
0,744667336
1,744532025
2,744599343
3,744561380
4,744581649
5,744661254
6,744640266
7,744609429
8,744597355
9,744504574
10,744533524
11,744491610
12,744630579
13,744551919
14,744499808
15,744606505
16,744553196
17,744556473
18,744517297
19,744543920
20,744627223
21,744638732
22,744652751
23,744667921
24,744669888
25,744674391
26,744683558
27,744711416
28,744684478
29,744694467
30,744712970
31,744759370
32,744811906
33,744795069
34,744739277
35,744813059
36,744806960
37,744777379
38,744829878
39,744838877
40,744822897
41,744845932
42,745014066
43,745185048
44,744869569
45,745133538
46,745099198
47,744875661
48,745132246
49,750559373
-1, 37241568176
