id,time
0,744727386
1,744668213
2,744682701
3,744613897
4,744723322
5,744685924
6,744551756
7,744675831
8,744589291
9,744633903
10,744641779
11,744630746
12,744672511
13,744622344
14,744711720
15,744688398
16,744650720
17,744770098
18,744743511
19,744730034
20,744751146
21,744757080
22,744733130
23,744781225
24,744778217
25,744786804
26,744787190
27,744810371
28,744789005
29,744821597
30,744825050
31,744834726
32,744833905
33,744855543
34,744848763
35,744846964
36,744878368
37,744913326
38,744928234
39,744915225
40,744904234
41,744962772
42,744930961
43,745026001
44,745093652
45,744947350
46,744939194
47,759092987
48,817227669
49,827343362
-1, 37408359933
