id,time
0,744639298
1,744630231
2,744602655
3,744520774
4,744564144
5,744537965
6,744526057
7,744556905
8,744619081
9,744630781
10,744622851
11,744603211
12,744548701
13,744533672
14,744482282
15,744502268
16,744462887
17,744565460
18,744569734
19,744608629
20,744522857
21,744632610
22,744616572
23,744617703
24,744640093
25,744663812
26,744664588
27,744669135
28,744668604
29,744788465
30,744715585
31,744683228
32,744713396
33,744923539
34,744691950
35,744741695
36,745167954
37,744876533
38,744864652
39,766087426
40,744682964
41,744901519
42,744712497
43,744766752
44,744904001
45,744876697
46,744703026
47,744793912
48,744864236
49,744839460
-1, 37255325092
