id,time
0,744376003
1,744362584
2,744357202
3,744375540
4,744364813
5,744344765
6,744339602
7,744361156
8,744367689
9,744412344
10,744398405
11,744409376
12,744407274
13,744398462
14,744404714
15,744390068
16,744408751
17,744384884
18,744430245
19,744416116
20,744429070
21,744416349
22,744434668
23,744432760
24,744436485
25,744447754
26,759804950
27,744454448
28,744477630
29,744705898
30,744513091
31,744544890
32,744486717
33,744459512
34,744722430
35,744588036
36,744559579
37,744530110
38,744520166
39,744493153
40,744522719
41,744523526
42,744672739
43,744472987
44,744466635
45,744492764
46,744583577
47,744470911
48,744794414
49,744732074
-1, 37238901469
