id,time
0,744649802
1,744611967
2,744649260
3,744647326
4,744633167
5,744619002
6,744612901
7,744646554
8,744544655
9,744581023
10,744637369
11,744742703
12,744708780
13,744673799
14,744703007
15,744709050
16,744664087
17,744723477
18,744783616
19,744771110
20,744754526
21,744779104
22,744768001
23,744792658
24,744784081
25,744793701
26,744795283
27,744799380
28,744801835
29,744805576
30,744811232
31,744816570
32,744872297
33,744893569
34,744861180
35,744888666
36,744908257
37,744863730
38,744858429
39,744909531
40,744976687
41,744976068
42,744926357
43,745240380
44,744974350
45,750175311
46,744996159
47,744945471
48,744909894
49,745292818
-1, 37245285421
