id,time
0,745182012
1,745051804
2,745134239
3,745042614
4,745154660
5,745123251
6,745068721
7,745169201
8,745141861
9,744954934
10,745133749
11,745057883
12,745159000
13,745136140
14,745134271
15,745219623
16,745212416
17,745187188
18,745193212
19,745203062
20,745216035
21,745201539
22,745183363
23,745222231
24,745224963
25,745229176
26,745245790
27,745244468
28,745266665
29,745263272
30,745281598
31,745283072
32,745301463
33,745307211
34,745345721
35,745309466
36,745364975
37,745357704
38,745372836
39,745313135
40,745339388
41,745405254
42,745404603
43,745402878
44,745414625
45,745415768
46,745445293
47,745624291
48,745549385
49,750457401
-1, 37267655565
