id,time
0,744968760
1,744923032
2,744781607
3,744815454
4,744923951
5,744771392
6,744740852
7,744854969
8,744769343
9,744943994
10,744785033
11,744846399
12,744819102
13,744896614
14,744956761
15,744922129
16,744907428
17,744958929
18,744926773
19,744927855
20,744920798
21,744897175
22,744959299
23,744935737
24,744946090
25,744970644
26,744972385
27,744991365
28,745007527
29,744991378
30,745005453
31,745008827
32,745009114
33,745017974
34,745014477
35,745029418
36,745028342
37,745051733
38,745036438
39,745063089
40,745075976
41,745065688
42,745023434
43,745052862
44,745032264
45,745104752
46,745158246
47,745106348
48,745112853
49,761370072
-1, 37264402765
