id,time
0,744553183
1,744541703
2,744447213
3,744418907
4,744509783
5,744496439
6,744429454
7,744505688
8,744474656
9,744452322
10,744411958
11,744442770
12,744437939
13,744517330
14,744506345
15,744495995
16,744485039
17,744541809
18,744503557
19,744536620
20,744470340
21,744517678
22,744511524
23,744466188
24,744501521
25,744555047
26,744555965
27,744560087
28,744560242
29,744638013
30,744601278
31,744640703
32,744633416
33,744594968
34,744727806
35,744641533
36,744564452
37,744587903
38,744632449
39,745016770
40,744612383
41,744624082
42,744588099
43,744607137
44,744684719
45,744627975
46,744577584
47,744582374
48,744593047
49,758701611
-1, 37241887286
