id,time
0,744788428
1,744746718
2,744714858
3,744689273
4,744682048
5,744681337
6,744785360
7,744662523
8,744690703
9,744750494
10,744748824
11,744770811
12,744773353
13,744694017
14,744651225
15,744648255
16,744662545
17,744846527
18,744828874
19,744839465
20,744806860
21,744831643
22,744845051
23,744872302
24,744881198
25,744889680
26,744901490
27,744897462
28,744955948
29,744956127
30,744972152
31,744919129
32,744915687
33,744980826
34,744991699
35,744994447
36,745239141
37,745542252
38,745727099
39,745729183
40,745851251
41,745039674
42,745028587
43,745006338
44,745655564
45,745071094
46,745310748
47,745075884
48,745079869
49,750219788
-1, 37252845619
