id,time
0,745132961
1,739567721
2,745021521
3,744948058
4,744961903
5,744923094
6,744970736
7,745428998
8,745268266
9,745310040
10,745234680
11,745186090
12,745262699
13,745163234
14,745374283
15,745228568
16,745349782
17,745344902
18,745416613
19,745274696
20,745319987
21,745300569
22,745362531
23,745467569
24,745455901
25,745500015
26,745504665
27,745506209
28,745529467
29,745533782
30,745562088
31,745645461
32,745602758
33,745649273
34,745613826
35,745724184
36,745612001
37,745650075
38,745640186
39,745581524
40,745618169
41,745581853
42,745550518
43,745741423
44,745659850
45,745855801
46,746048861
47,770877827
48,799365037
49,836075912
-1, 37435508057
