id,time
0,744734561
1,744669086
2,744568932
3,744585908
4,744638602
5,744700824
6,744685009
7,744672504
8,744724944
9,744715321
10,744643881
11,744598610
12,744661908
13,744623622
14,744596624
15,744767200
16,744750611
17,744763317
18,744753673
19,744764140
20,744756919
21,744742295
22,744742668
23,744752786
24,744758145
25,744767210
26,744776315
27,744782618
28,744796419
29,744793216
30,744779461
31,744808690
32,744821699
33,744817824
34,744814837
35,744808484
36,744798166
37,744823459
38,744921088
39,744844734
40,744886175
41,744847262
42,744868205
43,744835398
44,744993731
45,744825011
46,744838887
47,744938189
48,744847646
49,764254091
-1, 37257662495
