id,time
0,744348272
1,744334543
2,744345486
3,744342466
4,744303128
5,744319601
6,744348082
7,744346997
8,744375626
9,744375126
10,744354620
11,744360565
12,744350313
13,744367352
14,744361706
15,744363600
16,744371553
17,744373103
18,744362157
19,744358556
20,744349712
21,744359245
22,744353725
23,744375932
24,744378316
25,744384268
26,744393866
27,744387832
28,744393940
29,744406511
30,744411706
31,744415528
32,744395627
33,744422271
34,744434718
35,751998502
36,744428851
37,744476104
38,744444517
39,744416630
40,744469710
41,744438202
42,744460492
43,744599281
44,744527443
45,744682772
46,744690839
47,744829893
48,744685190
49,744803983
-1, 37228880282
