id,time
0,745044949
1,745031211
2,744995180
3,744997932
4,744978745
5,744995470
6,745025564
7,744950401
8,744971323
9,744909218
10,744998832
11,745040616
12,744951152
13,744987628
14,744904430
15,744921858
16,744857850
17,745007592
18,745043091
19,744964441
20,745026189
21,745029074
22,745028037
23,745045838
24,745047166
25,745048471
26,745068925
27,745049714
28,745087697
29,745076826
30,745093329
31,745070298
32,745117209
33,745119296
34,745124549
35,745138044
36,745132755
37,745141312
38,745141314
39,745168428
40,745176754
41,745238691
42,745235032
43,745196510
44,745247778
45,745217992
46,745179764
47,745210110
48,767763072
49,745177707
-1, 37275977466
