id,time
0,744961746
1,744888245
2,744920329
3,744935209
4,744915881
5,744914076
6,744938728
7,744902960
8,744937585
9,744907400
10,744887912
11,744827271
12,744893395
13,744892200
14,745024838
15,745023230
16,744996452
17,744984902
18,744973447
19,745001046
20,745047279
21,745040171
22,745045742
23,745029232
24,745051866
25,745076082
26,745154061
27,745148499
28,745100426
29,745138715
30,745163390
31,745177113
32,745172809
33,745183054
34,745189768
35,745258421
36,745313704
37,745256587
38,745201912
39,745310361
40,745200661
41,745252171
42,745190820
43,745350992
44,745203994
45,745257210
46,745367591
47,745427235
48,745606863
49,769683102
-1, 37279328680
