id,time
0,744481170
1,744456214
2,744461721
3,744422727
4,744457346
5,744463088
6,744364495
7,744422681
8,744340074
9,744350282
10,744467073
11,744458414
12,744338456
13,744547492
14,744523666
15,744512905
16,744534881
17,744512435
18,744541250
19,744483678
20,744582538
21,744564335
22,744581449
23,744548810
24,744578756
25,744675747
26,744678523
27,744704821
28,744713036
29,744723436
30,744738264
31,744737453
32,744907327
33,744782332
34,744752940
35,744821425
36,744970101
37,744747455
38,744764463
39,744713910
40,744809240
41,760442407
42,824506968
43,744895332
44,744898790
45,744724977
46,744727764
47,744931383
48,744727672
49,751095208
-1, 37333189108
