id,time
0,744723305
1,744690748
2,744652101
3,744684092
4,744687730
5,744720067
6,744713278
7,744706202
8,744715318
9,744686106
10,744706065
11,744710233
12,744654380
13,744685857
14,744668222
15,744715313
16,744619954
17,744703006
18,744716742
19,744726503
20,744724204
21,744759935
22,744728392
23,744745804
24,744762371
25,744765253
26,744765759
27,744780037
28,744800822
29,744785207
30,744793077
31,744810640
32,744786531
33,744820375
34,744780633
35,744769378
36,744826530
37,744777016
38,744830573
39,744992177
40,744896752
41,745062761
42,744967761
43,744966024
44,744947355
45,744837221
46,745039354
47,744903734
48,759014905
49,745014783
-1, 37253343290
