id,time
0,744995575
1,744932264
2,744974025
3,744985586
4,744973494
5,744968370
6,744977788
7,745112052
8,745075651
9,745100651
10,745092847
11,745010938
12,745098618
13,745065586
14,745051386
15,745077859
16,745025803
17,745080054
18,745013872
19,745005758
20,745079454
21,745058756
22,745146479
23,745142099
24,745113708
25,745153978
26,745165489
27,745171886
28,745170147
29,745236985
30,745248184
31,745251611
32,745206194
33,745185488
34,745307741
35,745238669
36,745183216
37,745210252
38,745459786
39,745358315
40,745323264
41,745444224
42,745311792
43,745380324
44,745348469
45,745336591
46,745325158
47,745337605
48,745350650
49,768614529
-1, 37281480990
