id,time
0,745125523
1,737863641
2,745096846
3,745041810
4,745038454
5,744988449
6,745102957
7,745121847
8,745069710
9,745092112
10,745105850
11,745048196
12,745055547
13,744776444
14,744786175
15,745003084
16,744878021
17,745122934
18,745122589
19,744880840
20,745062544
21,745044223
22,745093641
23,745127389
24,745139014
25,745146030
26,745184524
27,745209750
28,745242696
29,745253875
30,745190352
31,745150884
32,745229069
33,745200533
34,745174458
35,745286810
36,745343616
37,745335054
38,745271211
39,745310529
40,745322918
41,745346651
42,806816023
43,788900851
44,762241627
45,838114843
46,771011665
47,745431766
48,745536674
49,745369640
-1, 37491411998
