id,time
0,745154689
1,659070452
2,744951367
3,742262733
4,745010697
5,745014988
6,745043009
7,745061087
8,745062904
9,745089664
10,744896225
11,744929683
12,745053235
13,744945667
14,745093685
15,745015618
16,745130819
17,745023692
18,745121176
19,744941417
20,745095191
21,745118851
22,745066781
23,745046162
24,745159804
25,745163554
26,745169410
27,745218805
28,745176822
29,751375528
30,751250509
31,745268284
32,745274049
33,745306190
34,761760157
35,830002182
36,859112185
37,798942201
38,859292578
39,781871416
40,777449869
41,806772718
42,846670066
43,781574350
44,810086712
45,779345632
46,778322625
47,775094777
48,779401548
49,775133383
-1, 38057396983
