id,time
0,745179180
1,744998057
2,745154096
3,745011129
4,745091930
5,745001116
6,745036805
7,745158358
8,745012232
9,745007262
10,745064171
11,745086568
12,745085830
13,745031526
14,744984453
15,744986550
16,745095976
17,745154921
18,745113503
19,745172344
20,745045365
21,745141247
22,745171132
23,745183741
24,745179328
25,745184306
26,745195491
27,745221243
28,745244812
29,745214461
30,745204987
31,745215153
32,745206574
33,745252736
34,745247246
35,745256959
36,745264225
37,745267700
38,745273442
39,745484687
40,745271943
41,745287727
42,745286965
43,745543566
44,750500830
45,745321824
46,745263907
47,745336497
48,745446723
49,746206740
-1, 37265349271
