id,time
0,744699362
1,744603202
2,744688775
3,744486014
4,744629604
5,744560301
6,744572471
7,744580457
8,744658272
9,744614020
10,744508962
11,744493413
12,744536401
13,744537319
14,744619256
15,744587906
16,744610476
17,744502874
18,744776130
19,744748348
20,744765792
21,744752930
22,744739517
23,744754720
24,744785656
25,744790591
26,744797376
27,744793368
28,744829121
29,744810351
30,744820290
31,744892525
32,745018961
33,744981636
34,744900702
35,745014528
36,744892951
37,745020313
38,745058721
39,744919449
40,745052570
41,745087966
42,744941330
43,744919231
44,744915969
45,744975085
46,744970093
47,744954004
48,744981571
49,766938450
-1, 37261090971
