id,time
0,745036195
1,744959461
2,744915156
3,744965899
4,744954576
5,744844449
6,744958484
7,745026903
8,744879927
9,744978430
10,744971668
11,744942210
12,744948969
13,745014922
14,745069862
15,745069373
16,745039937
17,745062879
18,745064897
19,745046769
20,745043065
21,745053531
22,745053001
23,745074924
24,745078966
25,745090923
26,745091975
27,745093364
28,745111479
29,745099087
30,745124106
31,745095051
32,745100435
33,745154503
34,745095188
35,745098039
36,745160848
37,745157636
38,745170628
39,745174395
40,745264932
41,745184667
42,745186316
43,745190299
44,745184811
45,745190927
46,745350159
47,767404212
48,745745420
49,745364081
-1, 37276939786
