id,time
0,745274256
1,745139722
2,745180958
3,745239039
4,745138959
5,745188271
6,745271429
7,745270928
8,745051258
9,745221883
10,745356535
11,745354035
12,745296615
13,745351524
14,745343063
15,745308211
16,745281572
17,745342220
18,745299301
19,745383280
20,745378380
21,745367147
22,745375937
23,745417746
24,745402653
25,745420672
26,745427901
27,745447343
28,745473902
29,745429793
30,745474350
31,745474082
32,745461003
33,745466633
34,745494174
35,745486797
36,745744448
37,745537226
38,781677755
39,745674264
40,745502233
41,745572845
42,745652192
43,745570632
44,745500433
45,745525132
46,745523043
47,745910328
48,765818114
49,745917206
-1, 37327419599
