id,time
0,745350663
1,745209541
2,745223285
3,745324316
4,745325559
5,745269058
6,745113218
7,745241348
8,745267975
9,745255288
10,745115287
11,745194267
12,745080943
13,745146082
14,745312955
15,745173393
16,745267296
17,745086665
18,745309981
19,745094517
20,745318785
21,745301090
22,745275506
23,745375504
24,745354630
25,745393362
26,745394958
27,745448940
28,745443840
29,745420402
30,745443999
31,745400914
32,745458615
33,745671740
34,745563183
35,745615694
36,745626086
37,745475983
38,752567305
39,745522082
40,745602115
41,745555396
42,745496089
43,745632830
44,745547933
45,745737946
46,745865359
47,745609096
48,745556082
49,745610158
-1, 37276648710
