id,time
0,744832752
1,744803317
2,744797693
3,744805384
4,744769336
5,744775718
6,744829934
7,744817672
8,744873337
9,744838404
10,744866272
11,744835752
12,744860959
13,744839498
14,744845242
15,744866269
16,744856916
17,744853576
18,744894789
19,744874222
20,744873653
21,744883307
22,744900155
23,744896050
24,744903307
25,744908895
26,744926969
27,744952252
28,744987323
29,744976623
30,745000620
31,745096892
32,744940677
33,745121673
34,756925709
35,745668855
36,745646456
37,745691370
38,745704662
39,745634945
40,745742189
41,745739096
42,745659762
43,745772178
44,745850485
45,745974433
46,745855009
47,745798092
48,745159418
49,762351428
-1, 37285281478
