id,time
0,745019347
1,745014624
2,745011404
3,744947863
4,744952039
5,744998133
6,744953398
7,744970028
8,745005149
9,744900976
10,744982312
11,744943738
12,744909022
13,744869923
14,744874884
15,744864008
16,744992347
17,744927746
18,744954422
19,745010326
20,744952907
21,744941010
22,744947381
23,744880226
24,745024915
25,745027243
26,745031372
27,745029690
28,745072968
29,745110948
30,745067017
31,745100953
32,745060750
33,745042695
34,745093983
35,745032282
36,745036740
37,745194356
38,745161211
39,745189459
40,745221001
41,745238048
42,745520213
43,745422361
44,746228824
45,745617110
46,745361414
47,755295807
48,745321903
49,745967567
-1, 37265296053
