id,time
0,745123116
1,745092469
2,745041612
3,745084661
4,745014581
5,745075851
6,745100886
7,745057538
8,745059341
9,745055543
10,745083059
11,745118375
12,745185917
13,745165068
14,745158510
15,745137388
16,745138082
17,745181960
18,745165231
19,745156043
20,745163378
21,745182999
22,745139913
23,745181888
24,745186373
25,745206639
26,745208449
27,745213501
28,745255185
29,745289977
30,745285647
31,745238500
32,745291742
33,745258699
34,745314255
35,745242790
36,745301440
37,745287454
38,745358855
39,745521849
40,760454564
41,745503278
42,745389562
43,745362301
44,745733049
45,745542378
46,745626979
47,745577055
48,745565126
49,745652675
-1, 37277733347
