id,time
0,2586268008
1,2526923343
2,2594339719
3,2593610301
4,2591475491
5,2593195500
6,2592434670
7,2590768159
8,2594110973
9,2593972545
10,2592351521
11,2593810775
12,2592630967
13,2593385779
14,2594252068
15,2593703705
16,2592796054
17,2595866325
18,2594761056
19,2595666344
20,2595849006
21,2594931444
22,2595403754
23,2594970511
24,2596519986
25,2596605103
26,2596748739
27,2598942014
28,2600068830
29,2598732876
30,2597146351
31,2599238622
32,2596879192
33,2596869909
34,2598474311
35,2599076630
36,2596888097
37,2600703711
38,2598934031
39,2598436757
40,2598834734
41,2598546000
42,2598653078
43,2603100602
44,2598261651
45,2597481273
46,2600972022
47,2597645844
48,2597864875
49,2599146841
-1, 129738253292
