id,time
0,2600326272
1,2508977370
2,2598998831
3,2597009164
4,2598285948
5,2598579762
6,2599424388
7,2598411549
8,2597189363
9,2599343464
10,2596403746
11,2596627373
12,2597222596
13,2599383974
14,2597649214
15,2598446383
16,2599839127
17,2594773809
18,2600204461
19,2599799573
20,2598202250
21,2596869612
22,2599809032
23,2600499650
24,2600357947
25,2600666681
26,2600738645
27,2601345671
28,2601485374
29,2601515777
30,2601715044
31,2603574342
32,2601921407
33,2602676871
34,2602295112
35,2605115719
36,2603379340
37,2603450294
38,2601814383
39,2602014724
40,2602722972
41,2602729756
42,2606055023
43,2602154319
44,2607673013
45,2604994257
46,2608030600
47,2603703089
48,2603131659
49,2602125411
-1, 129949666635
