id,time
0,2601281203
1,2469680869
2,2605891405
3,2602022278
4,2604054290
5,2604616981
6,2604316252
7,2604482060
8,2601432080
9,2605881661
10,2602581718
11,2603122853
12,2602285598
13,2603498026
14,2605379818
15,2604112830
16,2605814991
17,2607016529
18,2606670863
19,2606537907
20,2606105355
21,2606276246
22,2605951314
23,2607093739
24,2607129173
25,2607129717
26,2607201330
27,2607346632
28,2607824620
29,2608054863
30,2608106438
31,2608420885
32,2608932573
33,2608837977
34,2608905030
35,2609291450
36,2609667855
37,2609806462
38,2608565557
39,2611681116
40,2610044505
41,2610006311
42,2611953934
43,2611066995
44,2611382343
45,2611094061
46,2610529018
47,2609997354
48,2609928362
49,2611777041
-1, 130220790601
