id,time
0,2605365433
1,2443435835
2,2603473883
3,2606249830
4,2605978468
5,2605797277
6,2608242549
7,2607024225
8,2606903274
9,2606386055
10,2607876328
11,2606516829
12,2606720828
13,2610364650
14,2609775209
15,2609666926
16,2608656442
17,2610047618
18,2609664474
19,2609872906
20,2608974399
21,2609727089
22,2609894660
23,2609511806
24,2609358462
25,2610605022
26,2610608094
27,2610699952
28,2612713579
29,2611973080
30,2615915066
31,2613671651
32,2611226827
33,2611804114
34,2614335805
35,2614315862
36,2614131807
37,2612523136
38,2612039613
39,2612235996
40,2613260494
41,2618498339
42,2615371957
43,2612965472
44,2612113453
45,2612224631
46,2612662636
47,2614513877
48,2612566475
49,2612576212
-1, 130361040687
