id,time
0,2609181713
1,2608536381
2,2433811084
3,2607862219
4,2604902782
5,2606550922
6,2609067711
7,2608012158
8,2607360007
9,2607785711
10,2608962988
11,2607114791
12,2607539412
13,2611229146
14,2609514830
15,2611036539
16,2609677938
17,2610244118
18,2610572860
19,2611711783
20,2611441085
21,2611486301
22,2611278116
23,2611769975
24,2611731660
25,2611857778
26,2611910632
27,2612012711
28,2612047131
29,2612882096
30,2612398678
31,2612604994
32,2612499459
33,2612709872
34,2612440167
35,2612163879
36,2612901208
37,2612937632
38,2612953211
39,2612982837
40,2613324243
41,2613528478
42,2613633695
43,2614198692
44,2613827344
45,2616740389
46,2616463280
47,2613437085
48,2613483810
49,2615491318
-1, 130389814596
