id,time
0,2584967602
1,2566411310
2,2584165133
3,2584155725
4,2581265034
5,2581229151
6,2584242248
7,2584829058
8,2581604081
9,2583769235
10,2583373311
11,2583304279
12,2581909598
13,2582366229
14,2582420640
15,2583661129
16,2585445769
17,2585114935
18,2586546844
19,2585473328
20,2585800081
21,2585889805
22,2586210204
23,2586131183
24,2586628199
25,2586690253
26,2586944919
27,2587314930
28,2588361226
29,2588469872
30,2587437248
31,2587542921
32,2587365613
33,2587779972
34,2588018678
35,2587750080
36,2587575717
37,2590341267
38,2590506488
39,2589755623
40,2589947072
41,2590383902
42,2594899797
43,2590847419
44,2592109882
45,2596159400
46,2593143285
47,2592716222
48,2595316149
49,2591626678
-1, 129335921149
