id,time
0,2574869026
1,2567130368
2,2582166014
3,2579985197
4,2578276174
5,2577588302
6,2580548970
7,2581568184
8,2578150782
9,2581104871
10,2581225191
11,2579732798
12,2578204546
13,2578711303
14,2577990052
15,2577237343
16,2581300772
17,2580094266
18,2581689411
19,2578395766
20,2581154045
21,2582408892
22,2582318508
23,2582545640
24,2582500295
25,2582679392
26,2583282247
27,2583740754
28,2583747508
29,2583896433
30,2584438371
31,2584201280
32,2584015775
33,2584252417
34,2584063448
35,2586650226
36,2587486214
37,2585409488
38,2588966405
39,2585863699
40,2588413098
41,2586790496
42,2585353519
43,2587948827
44,2585419004
45,2584758620
46,2587932674
47,2586740138
48,2586902167
49,2584451845
-1, 129124302856
