id,time
0,2587569067
1,2542851953
2,2592755324
3,2589087306
4,2589481067
5,2590769359
6,2592251293
7,2592725396
8,2589786686
9,2592368740
10,2590817211
11,2591960724
12,2590999238
13,2591153494
14,2592014292
15,2594086879
16,2593783681
17,2593797232
18,2593590254
19,2593834007
20,2593606202
21,2593687507
22,2593955562
23,2593296417
24,2594109598
25,2594128759
26,2594180858
27,2595590822
28,2596380679
29,2596020176
30,2594304006
31,2596361064
32,2594650485
33,2595858073
34,2594850099
35,2594762592
36,2595316096
37,2595159508
38,2594260572
39,2594678273
40,2594990609
41,2597221266
42,2597691675
43,2600702022
44,2600294141
45,2596898122
46,2601668360
47,2597545785
48,2597220570
49,2601378976
-1, 129666455855
