id,time
0,2569711936
1,2568266224
2,2568413436
3,2563783754
4,2561464419
5,2558853238
6,2565153940
7,2569509275
8,2568898020
9,2567126800
10,2568452660
11,2558403799
12,2564477562
13,2566558224
14,2569164115
15,2567866412
16,2568366757
17,2565523791
18,2567655025
19,2565169331
20,2571379297
21,2569989943
22,2570717554
23,2570461324
24,2569832226
25,2571482502
26,2571808578
27,2572171981
28,2572908022
29,2572707898
30,2575783676
31,2578111917
32,2574249358
33,2575249480
34,2573461574
35,2578463590
36,2573658011
37,2573223182
38,2576557864
39,2580309537
40,2573638606
41,2574399732
42,2575603477
43,2575028166
44,2580990846
45,2572972545
46,2575132569
47,2572473111
48,2576048147
49,2573749275
-1, 128545387171
