id,time
0,2574466054
1,2569411040
2,2573404917
3,2573693316
4,2572440834
5,2582931722
6,2579181999
7,2582697559
8,2581392249
9,2581840614
10,2577815962
11,2580575375
12,2581906974
13,2580116622
14,2581819350
15,2581582377
16,2580799804
17,2582115777
18,2581750408
19,2577067052
20,2579176227
21,2581190794
22,2583347206
23,2582968562
24,2583209897
25,2583389453
26,2583421900
27,2583504802
28,2583833731
29,2584392831
30,2584007973
31,2583939728
32,2584521858
33,2584140858
34,2583881259
35,2584676985
36,2584099200
37,2584119924
38,2584985500
39,2584930005
40,2587127774
41,2585634351
42,2586875611
43,2585138515
44,2588375470
45,2585431458
46,2585742750
47,2586214449
48,2584819328
49,2584688902
-1, 129108799184
