id,time
0,2601660338
1,2486725937
2,2601423423
3,2598979986
4,2597172176
5,2598925676
6,2600090274
7,2601601037
8,2599195265
9,2600493135
10,2600188337
11,2599725165
12,2600584656
13,2601024363
14,2603747734
15,2603424623
16,2603076267
17,2602672972
18,2603620143
19,2603000434
20,2601862314
21,2602273292
22,2603509319
23,2602932322
24,2603617245
25,2603922245
26,2604131645
27,2604560779
28,2608102899
29,2609359711
30,2605412805
31,2608457787
32,2606897393
33,2609484951
34,2608442961
35,2606745311
36,2606342239
37,2610253037
38,2605738462
39,2605663266
40,2610188248
41,2607497659
42,2606292709
43,2605487172
44,2609121676
45,2605127114
46,2607386767
47,2609196219
48,2604780662
49,2605293303
-1, 130095415264
