id,time
0,2578432203
1,2571037446
2,2577892280
3,2576954547
4,2575251869
5,2574613005
6,2574898326
7,2578297941
8,2577793518
9,2578358988
10,2577363482
11,2578024521
12,2577812480
13,2577098601
14,2580222681
15,2578499005
16,2579854409
17,2579895130
18,2579878491
19,2579536449
20,2579301480
21,2579818884
22,2579970541
23,2580249271
24,2580231789
25,2580276994
26,2580458023
27,2580759142
28,2580941328
29,2581414585
30,2581423578
31,2580990705
32,2581408768
33,2581504839
34,2582310357
35,2582622758
36,2584897140
37,2584351788
38,2621781531
39,2584674737
40,2585727344
41,2585891098
42,2584542957
43,2585718500
44,2583919315
45,2585922658
46,2584806086
47,2585909642
48,2584741248
49,2583165340
-1, 129071449518
