id,time
0,744583033
1,744545460
2,744578238
3,744562834
4,744576816
5,744545029
6,744525549
7,744577259
8,744559756
9,744573898
10,744571684
11,744551423
12,744535018
13,744531894
14,744531671
15,744562640
16,744578394
17,744577626
18,744588769
19,744586829
20,744584511
21,744593661
22,744589545
23,744597265
24,744602553
25,744602809
26,744619600
27,744665508
28,744620424
29,744612063
30,744615784
31,744648772
32,744615299
33,744604727
34,744615104
35,744627895
36,744662100
37,744639696
38,744667028
39,744620379
40,744680937
41,744682978
42,744765703
43,744700618
44,744998264
45,744751533
46,744783087
47,744675673
48,744919309
49,746214488
-1, 37232823019
