id,time
0,744767042
1,744641433
2,744666665
3,744686451
4,744668209
5,744710422
6,744637411
7,744743961
8,744621225
9,744603843
10,744670093
11,744660374
12,744625128
13,744664122
14,744623356
15,744720639
16,744765977
17,744690315
18,744710096
19,744789312
20,744776843
21,744788565
22,744804523
23,744792609
24,744809287
25,744816032
26,744820269
27,744837093
28,744856138
29,744848041
30,744860543
31,744863383
32,744960325
33,744932519
34,744870938
35,744895316
36,744876959
37,744917817
38,744884781
39,744944579
40,744958797
41,744960726
42,744897163
43,745029848
44,745060780
45,744920902
46,744959992
47,744947637
48,745001688
49,746444716
-1, 37242006678
