id,time
0,744628437
1,744573365
2,744624101
3,744607647
4,744603186
5,744626412
6,744624739
7,744562382
8,744613745
9,744560303
10,744548276
11,744586175
12,744560687
13,744620676
14,744621475
15,744627435
16,744620919
17,744600358
18,744621393
19,744599374
20,744648589
21,744634079
22,744646529
23,744644646
24,744645981
25,744648867
26,744649792
27,744658250
28,744658055
29,744663977
30,744661876
31,744665972
32,744669295
33,744752633
34,744822609
35,744804696
36,744695545
37,744679284
38,744752813
39,744669922
40,744695925
41,744706943
42,744745223
43,744698651
44,744679820
45,744681302
46,744679292
47,744883365
48,744889554
49,746265637
-1, 37234632627
