id,time
0,744825499
1,744780641
2,744792293
3,744814056
4,744797606
5,744808862
6,744801350
7,744771388
8,744805069
9,744810958
10,744787763
11,744766112
12,744819058
13,744786755
14,744809915
15,744808853
16,744729840
17,744774267
18,744792136
19,744833455
20,744832557
21,744827973
22,744826676
23,744834715
24,744834503
25,744838386
26,744843377
27,744843997
28,744845485
29,744845883
30,744864632
31,744864078
32,744861350
33,744848813
34,744856020
35,744871349
36,744924289
37,744897324
38,744955150
39,744896293
40,744992669
41,744932899
42,744900627
43,744907859
44,744891037
45,745016541
46,745126419
47,745080128
48,746502361
49,745025144
-1, 37244506198
