id,time
0,744856752
1,744854768
2,744822933
3,744856036
4,744853959
5,744841957
6,744819714
7,744830411
8,744821849
9,744863906
10,744863318
11,744857733
12,744863795
13,744860551
14,744876827
15,744875727
16,744887085
17,744877976
18,744878675
19,744886535
20,744884596
21,744883414
22,744882431
23,744884953
24,744885189
25,744887317
26,744888235
27,744895631
28,744895343
29,744896611
30,744896414
31,744898235
32,744900168
33,744973549
34,744908028
35,744910038
36,744937179
37,744901629
38,744984023
39,744939468
40,744909043
41,744912075
42,744946555
43,745002243
44,745008172
45,745195832
46,745117208
47,745042934
48,745042040
49,746493387
-1, 37246954330
