id,time
0,744808970
1,744801190
2,744730866
3,744795491
4,744807731
5,744789308
6,744730058
7,744771638
8,744791776
9,744765322
10,744765278
11,744797263
12,744768826
13,744777355
14,744801487
15,744776863
16,744767287
17,744789504
18,744805191
19,744800120
20,744823494
21,744823011
22,744858187
23,744835259
24,744831151
25,744861883
26,744880835
27,744898461
28,744929105
29,744927943
30,744921522
31,744960704
32,744980026
33,744985903
34,744989036
35,745073557
36,745106587
37,745036163
38,745026043
39,745024443
40,745117416
41,745046709
42,744980119
43,744977990
44,745081420
45,745058597
46,745162374
47,745167681
48,746433061
49,745232680
-1, 37246674490
