id,time
0,744739246
1,744730845
2,744708969
3,744710621
4,744672188
5,744666394
6,744715022
7,744623786
8,744666602
9,744703228
10,744662632
11,744604215
12,744634208
13,744713954
14,744637132
15,744657978
16,744653670
17,744684093
18,744717250
19,744734290
20,744717254
21,744685059
22,744655595
23,744646496
24,744608130
25,744748585
26,744748732
27,744754134
28,744765438
29,744763740
30,744765644
31,744860270
32,744877726
33,744821762
34,744768167
35,744779277
36,744817049
37,744888992
38,744892978
39,744928653
40,744775531
41,744930825
42,744855744
43,744893138
44,744864143
45,745085044
46,768901417
47,745174160
48,746242474
49,745316104
-1, 37264170728
