id,time
0,744897287
1,744867042
2,744854983
3,744857720
4,744885523
5,744866437
6,744856290
7,744874212
8,744871962
9,744865658
10,744873270
11,744858695
12,744892312
13,744883145
14,744799788
15,744870976
16,744890157
17,744833126
18,744890262
19,744859890
20,744900813
21,744897587
22,744903635
23,744902030
24,744904536
25,744908830
26,744919853
27,744988015
28,744962443
29,744937339
30,744982218
31,744938064
32,744967268
33,744964531
34,744934146
35,744923961
36,744952931
37,744947015
38,744989283
39,745028216
40,744996262
41,745034188
42,744995537
43,744994434
44,745035748
45,745053207
46,745170043
47,745044017
48,745053678
49,746530897
-1, 37248111663
