id,time
0,744591338
1,744580460
2,744583180
3,744557581
4,744578786
5,744569312
6,744564101
7,744561587
8,744578589
9,744580959
10,744545236
11,744537154
12,744542026
13,744588643
14,744536783
15,744574695
16,744575857
17,744570034
18,744547114
19,744529400
20,744537023
21,744562701
22,744595663
23,744592769
24,744600215
25,744600391
26,744601618
27,744602154
28,744602587
29,744602766
30,744604060
31,744656418
32,744658398
33,744618490
34,744617955
35,744626684
36,744639225
37,744611208
38,744646780
39,744604697
40,744654989
41,744616098
42,744605572
43,744660777
44,744788312
45,744674378
46,744679957
47,744687609
48,744767908
49,746278913
-1, 37231891643
