id,time
0,744655446
1,744597879
2,744635561
3,744652289
4,744617450
5,744615299
6,744642832
7,744635334
8,744644675
9,744635934
10,744607938
11,744617151
12,744625847
13,744642006
14,744641390
15,744653947
16,744627231
17,744665897
18,744662241
19,744659479
20,744659512
21,744665797
22,744664655
23,744662676
24,744666871
25,744667063
26,744669885
27,744735788
28,744679657
29,744764258
30,744672261
31,744699272
32,744681511
33,744691540
34,744689686
35,744683273
36,744676921
37,744679296
38,744737763
39,744703560
40,744675384
41,744679189
42,744687623
43,744729881
44,744832396
45,744694563
46,744832568
47,744937525
48,746274841
49,745071392
-1, 37235903924
