id,time
0,744799047
1,744767028
2,744775295
3,744845280
4,744822207
5,744842398
6,744814386
7,744843414
8,744815170
9,744822786
10,744828262
11,744831772
12,744843071
13,744822208
14,744835487
15,744853476
16,744852075
17,744846956
18,744852234
19,744850080
20,744850855
21,744856986
22,744853509
23,744859670
24,744861244
25,744867485
26,744868107
27,744871790
28,744897090
29,744872476
30,744872281
31,744872231
32,744874439
33,744883830
34,744888618
35,745002259
36,745015975
37,744901521
38,744920245
39,744980907
40,745002963
41,744905465
42,744946109
43,744906598
44,744963788
45,744946865
46,745160045
47,744976927
48,744971192
49,746536534
-1, 37245752479
