id,time
0,744919732
1,744912951
2,744898625
3,744917028
4,744908044
5,744899288
6,744910041
7,744915726
8,744907738
9,744899941
10,744914820
11,744913903
12,744882120
13,744904252
14,744881597
15,744910453
16,744868462
17,744887158
18,744901991
19,744916368
20,744892316
21,744873217
22,744922857
23,744921221
24,744923360
25,744929020
26,744934913
27,744934482
28,744937169
29,744939235
30,744944197
31,744949119
32,744963654
33,744970686
34,745002099
35,744999075
36,744945429
37,744956166
38,744945603
39,744992834
40,744950803
41,745014309
42,745034834
43,745382206
44,745088866
45,745046311
46,745038097
47,745094946
48,745059884
49,746533001
-1, 37249193438
