id,time
0,1858166389
1,1619542417
2,1852240411
3,1855780936
4,1849909890
5,1857645622
6,1856764597
7,1856230945
8,1856154116
9,1855929786
10,1856019991
11,1850238550
12,1860021554
13,1859651496
14,1859324848
15,1858311651
16,1859947817
17,1859808912
18,1858658642
19,1858639907
20,1858483041
21,1860057256
22,1860027056
23,1860125674
24,1860097195
25,1860168973
26,1860189687
27,1860190725
28,1860748334
29,1860373601
30,1860929002
31,1860894837
32,1860686786
33,1860410992
34,1860623653
35,1865080848
36,1862496641
37,1861359086
38,1864569235
39,1861912582
40,1861550562
41,1865549301
42,1891560328
43,1864583438
44,1863425408
45,1863949880
46,1862904475
47,1862196598
48,1861645006
49,1862097749
-1, 92777881250
