id,time
0,1839107084
1,1836855269
2,1837507440
3,1833674460
4,1836164320
5,1828552163
6,1837505822
7,1838618605
8,1837677320
9,1839040559
10,1838955174
11,1837576301
12,1833055986
13,1838263092
14,1838659083
15,1834295499
16,1840758197
17,1840642941
18,1839738371
19,1840517315
20,1839521756
21,1840233930
22,1839310394
23,1839994352
24,1841033341
25,1841398714
26,1841617316
27,1841775367
28,1842587478
29,1842399544
30,1841793639
31,1843338818
32,1842625569
33,1843342147
34,1842978816
35,1843476655
36,1843517093
37,1843941941
38,1843686769
39,1844884349
40,1844004060
41,1845508248
42,1844803312
43,1845507834
44,1845873490
45,1846318061
46,1845839322
47,1871816598
48,1846626373
49,1846780660
-1, 92073702788
