id,time
0,1841253424
1,1837507183
2,1836757164
3,1839796868
4,1840199666
5,1833204691
6,1838458004
7,1837403688
8,1839007552
9,1836498550
10,1840831675
11,1832939406
12,1835949741
13,1840164553
14,1837649259
15,1838692517
16,1842365270
17,1842325081
18,1841730265
19,1841308176
20,1841848187
21,1842325705
22,1841483291
23,1842822449
24,1842809561
25,1842969138
26,1843007427
27,1843068322
28,1843954887
29,1843966921
30,1843886459
31,1844932608
32,1845604096
33,1874090455
34,1844127956
35,1846641789
36,1843968432
37,1847743535
38,1845503561
39,1845062091
40,1849319307
41,1848176848
42,1847384920
43,1844147317
44,1847259286
45,1845059499
46,1845526239
47,1848809446
48,1848245294
49,1849749122
-1, 92157539368
