id,time
0,1842681531
1,1825847830
2,1842108220
3,1842483091
4,1839193934
5,1842150166
6,1839261122
7,1841544366
8,1836734631
9,1841588588
10,1837102765
11,1843247185
12,1843241005
13,1843135611
14,1845370043
15,1843782969
16,1844124506
17,1844696004
18,1844775007
19,1845241977
20,1844911642
21,1843734377
22,1844788697
23,1844016947
24,1843830963
25,1846344471
26,1846367020
27,1846640050
28,1846743687
29,1846749901
30,1846954653
31,1879317247
32,1848266730
33,1847537551
34,1848802162
35,1847977395
36,1848044694
37,1846764327
38,1847980951
39,1850640327
40,1847823899
41,1848472459
42,1850036034
43,1848834060
44,1848947910
45,1848281891
46,1848171088
47,1848490338
48,1846881768
49,1853433658
-1, 92284100628
