id,time
0,1866123798
1,1401278127
2,1864971195
3,1862619481
4,1860203364
5,1865145349
6,1864425396
7,1863078361
8,1862807982
9,1868272473
10,1867316084
11,1867998250
12,1866725936
13,1868239177
14,1866850501
15,1867816042
16,1868217642
17,1866646760
18,1868906691
19,1868744896
20,1868836953
21,1868646397
22,1869386597
23,1869213472
24,1869056296
25,1869562738
26,1869571537
27,1869786618
28,1869586007
29,1870105810
30,1871535400
31,1870071656
32,1871662407
33,1870248977
34,1872284492
35,1873685550
36,1873476903
37,1873141135
38,1872732822
39,1872967156
40,1872130854
41,1899439391
42,1872230845
43,1872524818
44,1873584617
45,1873071353
46,1872507287
47,1872709193
48,1871902393
49,1875872577
-1, 93027921868
