id,time
0,1851966715
1,1699229130
2,1851109093
3,1849983462
4,1849248977
5,1851709011
6,1843251398
7,1851661385
8,1849853147
9,1848433533
10,1850866969
11,1854406909
12,1853717111
13,1853585177
14,1852811729
15,1853419356
16,1853841365
17,1853779828
18,1852874472
19,1852271492
20,1854261635
21,1853811624
22,1853168086
23,1854530725
24,1854903226
25,1855152475
26,1855680539
27,1855341266
28,1855715479
29,1855934515
30,1855894306
31,1856309274
32,1856377126
33,1856179865
34,1856213207
35,1912297549
36,1860087294
37,1858563234
38,1857612571
39,1857512405
40,1857191973
41,1860606301
42,1859309197
43,1859901333
44,1858802290
45,1857509101
46,1856669969
47,1859810045
48,1861458521
49,1860504637
-1, 92645332260
