id,time
0,1855908196
1,1689592781
2,1852825107
3,1847402675
4,1855139990
5,1854833660
6,1844319868
7,1853224207
8,1854118930
9,1854863334
10,1851272320
11,1855107787
12,1851381800
13,1854221245
14,1855559397
15,1855217293
16,1852387422
17,1855515987
18,1850481302
19,1852409682
20,1855478641
21,1853121086
22,1856570439
23,1855951449
24,1856671223
25,1856794397
26,1856938550
27,1856983695
28,1857098555
29,1857371364
30,1857527424
31,1858540013
32,1858348016
33,1859206788
34,1858892008
35,1858443818
36,1858673770
37,1859543270
38,1857802564
39,1860005862
40,1860925371
41,1860328366
42,1860033130
43,1860592081
44,1859870614
45,1860389628
46,1861813235
47,1861587181
48,1861653837
49,1890222559
-1, 92683166983
