id,time
0,1844350078
1,1831256391
2,1842120841
3,1840610040
4,1843714764
5,1843731614
6,1842868611
7,1843482661
8,1842351484
9,1839773562
10,1843406120
11,1833137705
12,1836999978
13,1842184744
14,1842027770
15,1843528181
16,1842281091
17,1840754735
18,1839945854
19,1843865591
20,1842165346
21,1840306715
22,1844785054
23,1844400463
24,1845049115
25,1845049511
26,1845065787
27,1846003663
28,1845455484
29,1845780153
30,1846228317
31,1847590804
32,1848779616
33,1877908084
34,1847695220
35,1849089395
36,1847076378
37,1846710869
38,1847433776
39,1846507606
40,1848959502
41,1846747671
42,1848807026
43,1846703556
44,1847231787
45,1850193750
46,1848193424
47,1847956199
48,1850083292
49,1850558654
-1, 92256910526
