id,time
0,1847047198
1,1799917617
2,1846333112
3,1845985291
4,1846281041
5,1842362914
6,1843707777
7,1842712483
8,1843116022
9,1844597788
10,1846117151
11,1842961533
12,1842267154
13,1843541764
14,1843674638
15,1838195188
16,1844652874
17,1842859036
18,1847850123
19,1847119182
20,1847105257
21,1847382125
22,1848461581
23,1848133392
24,1848613179
25,1848737718
26,1849799548
27,1849893253
28,1848863003
29,1849805467
30,1848843644
31,1849043382
32,1849544246
33,1850193885
34,1850239968
35,1850421397
36,1850498997
37,1850498436
38,1850977667
39,1851347692
40,1881511496
41,1853012988
42,1852183693
43,1854465999
44,1851455092
45,1851980612
46,1853423744
47,1851831973
48,1851772638
49,1853057706
-1, 92384401573
