id,time
0,1843327693
1,1823206848
2,1842628991
3,1842987860
4,1841071634
5,1841721298
6,1840352984
7,1841688604
8,1835959103
9,1839323331
10,1840047724
11,1842428044
12,1836315959
13,1845843744
14,1844048629
15,1845232494
16,1843759623
17,1845695740
18,1843958191
19,1844520328
20,1843998297
21,1843603658
22,1844931502
23,1846165435
24,1846240607
25,1846844755
26,1847036376
27,1846890542
28,1847128374
29,1847350697
30,1847976468
31,1847840084
32,1848143854
33,1848199095
34,1848053937
35,1848336852
36,1848361404
37,1848204930
38,1849876229
39,1850481363
40,1848419281
41,1876345043
42,1849681650
43,1849697949
44,1848610713
45,1848976769
46,1848635743
47,1850522247
48,1852700683
49,1853639729
-1, 92297015061
