id,time
0,1837253293
1,1835934252
2,1836404931
3,1831906113
4,1835292936
5,1840732210
6,1840169418
7,1839890597
8,1840476977
9,1837337919
10,1840283257
11,1838262897
12,1840474532
13,1840705567
14,1840364433
15,1837550222
16,1837577277
17,1842582917
18,1840737771
19,1842324024
20,1842263379
21,1841113380
22,1841969739
23,1841030603
24,1842001522
25,1842696928
26,1842878173
27,1845865221
28,1876273068
29,1843075502
30,1843108583
31,1847787078
32,1847308904
33,1845345735
34,1844534447
35,1844969793
36,1843976284
37,1849169969
38,1846078002
39,1847210524
40,1846875756
41,1847887796
42,1843998180
43,1843376864
44,1847023611
45,1848360230
46,1846385679
47,1849043216
48,1848171969
49,1847282449
-1, 92163326018
