id,time
0,1846507127
1,1803051856
2,1843511923
3,1839660778
4,1846091716
5,1842142980
6,1841104182
7,1845687801
8,1839490021
9,1844031551
10,1845563373
11,1842212314
12,1839310043
13,1847385234
14,1846698163
15,1847098441
16,1847057113
17,1846745504
18,1846898816
19,1847690373
20,1847655075
21,1847656457
22,1848190333
23,1847839343
24,1847693592
25,1848280966
26,1848462522
27,1849491049
28,1848607680
29,1849119225
30,1848766135
31,1849605149
32,1849018296
33,1850186569
34,1850385061
35,1851647794
36,1850319240
37,1881323449
38,1851279140
39,1851843868
40,1849842454
41,1850326773
42,1851501252
43,1851958447
44,1852499268
45,1851038323
46,1849747597
47,1849749270
48,1852619813
49,1853614610
-1, 92378210306
