id,time
0,4388839301
1,4377315181
2,4371036381
3,4350366602
4,4310084438
5,4346349463
6,4383972716
7,4382965316
8,4387105691
9,4386860379
10,4288319593
11,4369947571
12,4383327226
13,4355139496
14,4357443830
15,4286389599
16,4361798171
17,4369781763
18,4371757735
19,4381119832
20,4383694294
21,4385373636
22,4379461240
23,4390249252
24,4399926860
25,4400803003
26,4407187059
27,4406485094
28,4410424157
29,4410238146
30,4409165579
31,4412341479
32,4415650421
33,4416003795
34,4415659730
35,4415532696
36,4415903442
37,4414784824
38,4414954423
39,4412757841
40,4413482372
41,4416234070
42,4418221385
43,4450108629
44,4419186154
45,4417608194
46,4417161187
47,4419584500
48,4417049347
49,4416500856
-1, 219531657011
