id,time
0,4403523082
1,4319441272
2,4383175574
3,4350440579
4,4348997513
5,4374716379
6,4399564752
7,4412961758
8,4404596128
9,4407134305
10,4404574221
11,4412013192
12,4429586489
13,4428560645
14,4428287082
15,4421941668
16,4422978182
17,4417481840
18,4429419366
19,4423427517
20,4422816050
21,4424432506
22,4415211266
23,4431761198
24,4430848387
25,4432663840
26,4432681520
27,4432798087
28,4440128768
29,4440292579
30,4437915480
31,4434649090
32,4441187152
33,4433134866
34,4436771764
35,4433445907
36,4495063362
37,4433395910
38,4438991735
39,4440875050
40,4438353473
41,4439958894
42,4438527157
43,4440302963
44,4435408693
45,4442143378
46,4439511643
47,4433660666
48,4441468173
49,4434912729
-1, 221136139198
