id,time
0,2133606422
1,2130857744
2,2133293915
3,2126379567
4,2119442305
5,2118577592
6,2122040043
7,2122878450
8,2101355085
9,2129920572
10,2100805501
11,2105052991
12,2124471673
13,2122941841
14,2099027782
15,2100540525
16,2109630812
17,2118794232
18,2109459413
19,2119604716
20,2142300982
21,2133728658
22,2136637538
23,2146438916
24,2143197244
25,2146916815
26,2147265378
27,2147829276
28,2150450217
29,2149415954
30,2164428072
31,2163285075
32,2153246138
33,2165883095
34,2165107767
35,2153210961
36,2160270365
37,2166390496
38,2169885543
39,2172006502
40,2170589585
41,2168499524
42,2169113713
43,2171776672
44,2170361015
45,2168663453
46,2175198517
47,2166613210
48,2171389790
49,2169801455
-1, 107128585046
