id,time
0,2138066492
1,2123541785
2,2136982698
3,2126106830
4,2123110979
5,2119675029
6,2127494500
7,2105139185
8,2136477897
9,2104434787
10,2111517506
11,2128822721
12,2110661873
13,2125111882
14,2103148842
15,2105062192
16,2136451543
17,2125595735
18,2115725571
19,2118775141
20,2137639667
21,2147625812
22,2146029612
23,2144760766
24,2149334503
25,2149639265
26,2151063156
27,2151218872
28,2152553958
29,2153175369
30,2165724173
31,2153456974
32,2153654508
33,2165921699
34,2166423118
35,2172668978
36,2174090847
37,2175896988
38,2171785560
39,2170003147
40,2169487786
41,2172841200
42,2175908137
43,2173165112
44,2171468878
45,2178388553
46,2168010078
47,2174578061
48,2173017821
49,2182950375
-1, 107314387844
