id,time
0,2136218517
1,2135936065
2,2123945372
3,2125324674
4,2122498543
5,2121462737
6,2119666286
7,2105329937
8,2135433817
9,2104280703
10,2104101089
11,2126099420
12,2109062224
13,2122680195
14,2096606922
15,2104517997
16,2123271050
17,2118369098
18,2114444871
19,2148442159
20,2136498162
21,2136390497
22,2143222490
23,2146921012
24,2147287457
25,2150592443
26,2151016107
27,2151945360
28,2152091729
29,2152596225
30,2152329007
31,2168993482
32,2165908800
33,2172189645
34,2172908790
35,2167104534
36,2173897973
37,2175778781
38,2172575896
39,2178231738
40,2169412171
41,2175655377
42,2175625692
43,2172984563
44,2171134904
45,2168163554
46,2153994385
47,2164482711
48,2173537631
49,2173105995
-1, 107264270716
