id,time
0,2139201588
1,2132249536
2,2120909430
3,2134028766
4,2116990064
5,2117612480
6,2127673245
7,2132126579
8,2120153647
9,2122534724
10,2132015997
11,2114141459
12,2114236230
13,2131122993
14,2148503930
15,2142073890
16,2143532955
17,2146359681
18,2147441730
19,2151254850
20,2148541259
21,2148727266
22,2158977307
23,2151411616
24,2157846498
25,2159356285
26,2159454573
27,2163699693
28,2160683022
29,2172735503
30,2180786401
31,2165559316
32,2164404461
33,2174504320
34,2167914772
35,2167023685
36,2181643145
37,2179850815
38,2185630042
39,2183197790
40,2183999356
41,2183137532
42,2185312704
43,2182490044
44,2196250740
45,2183646043
46,2182880006
47,2188464459
48,2182155210
49,2186660756
-1, 107821110555
