id,time
0,744848794
1,744832840
2,744837166
3,744789812
4,744757736
5,744774893
6,744774460
7,744827548
8,744812454
9,744761394
10,744783928
11,744820360
12,744836988
13,744837735
14,744774693
15,744782750
16,744806379
17,744842990
18,744838334
19,744840747
20,744855325
21,744851846
22,744851299
23,744857010
24,744856859
25,744857370
26,744861551
27,744877979
28,744880443
29,744884742
30,744887249
31,744886889
32,744896691
33,744880874
34,744886614
35,744888284
36,744883680
37,744899575
38,744897025
39,744949079
40,745128436
41,754685016
42,744927479
43,744912440
44,744932239
45,744919722
46,744921354
47,744932887
48,745061825
49,745066843
-1, 37253262276
