id,time
0,744484655
1,744464019
2,744447884
3,744484057
4,744450933
5,744474470
6,744474657
7,744478042
8,744440997
9,744471422
10,744482769
11,744429289
12,744430077
13,744408632
14,744449936
15,744456334
16,744469052
17,744475308
18,744464553
19,744454165
20,744441951
21,744472579
22,744482930
23,744471448
24,744468995
25,744484840
26,744485874
27,744497962
28,744548155
29,744580848
30,744510818
31,744517647
32,744574820
33,744592358
34,744549091
35,744536612
36,744499961
37,744549707
38,744511196
39,744623389
40,744550899
41,744578019
42,744581581
43,744536638
44,744634529
45,744638267
46,744648909
47,744713196
48,744888002
49,748754834
-1, 37230118861
