id,time
0,744835713
1,744808339
2,744787323
3,744824104
4,744817634
5,744782116
6,744818539
7,744785343
8,744824652
9,744788521
10,744800917
11,744822570
12,744770686
13,744825171
14,744819376
15,744812087
16,744785867
17,744817667
18,744809394
19,744832884
20,744808910
21,744804954
22,744837986
23,744837776
24,744840930
25,744841166
26,744842077
27,744842738
28,744846673
29,744853885
30,744861249
31,744887933
32,744848590
33,744892874
34,744886890
35,744883137
36,744885358
37,744863466
38,744857822
39,744885885
40,744883941
41,744888499
42,744875623
43,744875964
44,744859474
45,744907652
46,744935292
47,749272120
48,744930350
49,745221668
-1, 37246933131
