id,time
0,744290986
1,744272126
2,744274216
3,744280947
4,744276891
5,744281427
6,744277698
7,744281432
8,744319125
9,744315911
10,744310183
11,744296301
12,744319077
13,744318592
14,744317041
15,744318372
16,744310859
17,744312532
18,744302718
19,744315815
20,744324214
21,744319196
22,744326749
23,744325943
24,744327915
25,744329634
26,744331523
27,744336140
28,744385784
29,744362831
30,744362824
31,744362337
32,744369300
33,744364934
34,744340758
35,744394202
36,744363367
37,744365264
38,744454380
39,744400601
40,744351258
41,744372894
42,744337182
43,744348402
44,744347286
45,744695317
46,744520619
47,744502146
48,744553295
49,751885920
-1, 37225055789
