id,time
0,744589278
1,744585210
2,744555486
3,744579069
4,744556335
5,744578520
6,744563799
7,744528100
8,744584220
9,744580063
10,744586766
11,744569309
12,744564609
13,744579691
14,744600488
15,744594122
16,744591256
17,744590566
18,744599074
19,744600352
20,744596143
21,744597535
22,744607332
23,744605908
24,744609905
25,744610211
26,744612587
27,744612626
28,744616215
29,744617179
30,744616412
31,744617788
32,744881529
33,744651465
34,744670759
35,744659323
36,753208335
37,744657396
38,744663998
39,744678788
40,744646011
41,744686880
42,744639946
43,744805194
44,744770220
45,744624787
46,744619112
47,744969653
48,744636728
49,744917529
-1, 37240285873
