id,time
0,744591922
1,744529888
2,744561771
3,744544500
4,744572444
5,744496224
6,744591585
7,744529221
8,744526299
9,744530459
10,744550519
11,744586439
12,744571833
13,744582033
14,744587493
15,744539262
16,744604710
17,744599363
18,744598351
19,744601649
20,744596795
21,744600165
22,744604271
23,744601152
24,744606035
25,744612698
26,744612754
27,744626530
28,744620979
29,744614240
30,744628464
31,744676602
32,744630202
33,744661434
34,744675301
35,744635246
36,744641519
37,744639338
38,744745391
39,744628438
40,744671873
41,744657041
42,744757523
43,748808452
44,744793968
45,744774190
46,744819165
47,744839108
48,744791383
49,744928895
-1, 37235796703
