id,time
0,744799660
1,744771845
2,744755828
3,744784852
4,744791946
5,744799558
6,744792503
7,744795106
8,744791745
9,744798939
10,744777036
11,744783543
12,744776116
13,744814317
14,744802045
15,744801790
16,744811735
17,744805652
18,744802825
19,744808219
20,744811251
21,744801091
22,744810500
23,744808671
24,744807432
25,744815912
26,744818479
27,744820685
28,744822740
29,744837963
30,744840258
31,744829437
32,744836240
33,744825541
34,744833388
35,744838616
36,744838252
37,744837919
38,744846719
39,744866978
40,744880025
41,744898487
42,744852091
43,744865266
44,744902772
45,744904716
46,745081801
47,744900969
48,753572582
49,745183175
-1, 37250457512
