id,time
0,744829700
1,744814296
2,744819561
3,744803906
4,744796979
5,744799169
6,744809921
7,744806090
8,744787549
9,744822626
10,744808514
11,744856727
12,744832170
13,744832975
14,744849978
15,744843491
16,744852496
17,744846451
18,744839579
19,744868190
20,744859108
21,744865016
22,744867642
23,744861852
24,744868679
25,744873814
26,744876419
27,744914282
28,744910211
29,744917891
30,744880590
31,744881481
32,744981010
33,744928083
34,745105812
35,744926153
36,744893613
37,744904917
38,744922723
39,744938999
40,744929231
41,744936067
42,745002411
43,744944954
44,744920213
45,744900480
46,744964362
47,745233334
48,754513510
49,745298799
-1, 37254343508
