id,time
0,5013827102
1,4980444855
2,4971845232
3,4973963247
4,4974927065
5,4974188533
6,4974673855
7,5003414438
8,4967397909
9,4966638449
10,4999235128
11,4967460810
12,5025110030
13,5022536728
14,5014080298
15,5024628347
16,5025681513
17,5025679671
18,5025161739
19,5025136485
20,5025382328
21,5025376156
22,5025707059
23,5025682810
24,5026068670
25,5026137359
26,5026249813
27,5029282342
28,5026784430
29,5030176373
30,5029899729
31,5029964020
32,5030316968
33,5029888936
34,5029089893
35,5029739253
36,5028762533
37,5030119121
38,5029674187
39,5030320704
40,5029907509
41,5029324974
42,5030420700
43,5031573500
44,5030634771
45,5031124964
46,5033842455
47,5030672422
48,5030759209
49,5033674708
-1, 250832595207
