id,time
0,5173627257
1,5157479888
2,5172524967
3,5189236659
4,5184967922
5,5180386848
6,5182766521
7,5182421460
8,5186736664
9,5187421931
10,5181073720
11,5188013626
12,5186594590
13,5188942451
14,5188811256
15,5183437305
16,5189161970
17,5185295958
18,5189053101
19,5178516274
20,5188125040
21,5184379750
22,5186919060
23,5190305425
24,5189858045
25,5190608886
26,5190780710
27,5190799955
28,5191144982
29,5191412318
30,5194435804
31,5192417010
32,5229631389
33,5193024769
34,5191762934
35,5195467609
36,5195515019
37,5193386910
38,5191948493
39,5192548825
40,5196650622
41,5193415644
42,5198201963
43,5191704312
44,5193724269
45,5193085442
46,5191620400
47,5200909766
48,5194717167
49,5193719067
-1, 259468695014
