id,time
0,5133976475
1,5109106078
2,5130406413
3,5130612151
4,5132525726
5,5131753792
6,5130896646
7,5131659382
8,5132518135
9,5128754173
10,5131098968
11,5124000014
12,5133558832
13,5126142864
14,5177870010
15,5136890793
16,5142152858
17,5159521873
18,5140033669
19,5137656552
20,5134441485
21,5147156999
22,5175644586
23,5177578645
24,5134934666
25,5178981781
26,5179540969
27,5180072577
28,5180241486
29,5180158672
30,5180348339
31,5180503897
32,5180716318
33,5181642909
34,5183140321
35,5183655926
36,5184850403
37,5181069009
38,5185466683
39,5182611823
40,5183612624
41,5183111163
42,5181050234
43,5185576006
44,5187910769
45,5186838694
46,5185572649
47,5186351666
48,5187919169
49,5187637674
-1, 258049476892
