id,time
0,5150207037
1,5147119338
2,5141367633
3,5129637310
4,5147415876
5,5148337595
6,5136546585
7,5140767898
8,5145763584
9,5146788211
10,5141053108
11,5145904236
12,5141995587
13,5142388565
14,5143584340
15,5143756389
16,5152768685
17,5151542570
18,5152399009
19,5151845873
20,5156901950
21,5156643421
22,5153943928
23,5157451998
24,5159942655
25,5160005450
26,5167250379
27,5164262528
28,5167641766
29,5160098541
30,5168413424
31,5176028994
32,5179662856
33,5172483565
34,5169421378
35,5179961091
36,5170453826
37,5176534972
38,5187628539
39,5191754163
40,5185563421
41,5187941015
42,5196986733
43,5182919549
44,5188333181
45,5192527158
46,5195737471
47,5188372466
48,5193516441
49,5190130421
-1, 258179707303
