id,time
0,5130991919
1,5127546173
2,5125963143
3,5126094087
4,5128801298
5,5124460740
6,5129562969
7,5128862532
8,5130034662
9,5130204048
10,5127850825
11,5129175926
12,5130112214
13,5147319187
14,5131094240
15,5138803484
16,5142601549
17,5131594283
18,5161879994
19,5153543506
20,5156074530
21,5157097715
22,5172879536
23,5161949768
24,5171172376
25,5173508679
26,5173908302
27,5176102875
28,5176119729
29,5176545673
30,5176829849
31,5187642379
32,5183559239
33,5176778983
34,5178178603
35,5180123128
36,5183095914
37,5179134297
38,5183545105
39,5183729540
40,5179855166
41,5180281154
42,5179411557
43,5183091637
44,5182672901
45,5177900028
46,5181246134
47,5180126170
48,5183668900
49,5179010946
-1, 257991743228
