id,time
0,5147077116
1,5142902196
2,5132797444
3,5197237152
4,5195574715
5,5191850067
6,5195515987
7,5192945853
8,5182085388
9,5196791830
10,5189986422
11,5193744971
12,5190596115
13,5196067838
14,5149066882
15,5191588850
16,5193999857
17,5194995373
18,5196061089
19,5198056271
20,5198021847
21,5197864999
22,5197883662
23,5199142737
24,5198615672
25,5199500461
26,5199605990
27,5199630148
28,5199912781
29,5199979803
30,5200652380
31,5205361447
32,5200018584
33,5200557349
34,5201634751
35,5200380034
36,5204472430
37,5200512885
38,5202132694
39,5202519234
40,5201747195
41,5201554399
42,5201296900
43,5201033099
44,5201651254
45,5204283062
46,5201725381
47,5202053824
48,5209865691
49,5202864006
-1, 259705420461
