id,time
0,5182012922
1,5164922412
2,5181652450
3,5177177417
4,5179889033
5,5180058981
6,5181565366
7,5181751601
8,5180660023
9,5180812444
10,5149709390
11,5181853630
12,5176630540
13,5180767412
14,5183636787
15,5182760265
16,5182415523
17,5182716776
18,5182015251
19,5183517152
20,5182203130
21,5183556614
22,5182085999
23,5182040407
24,5182665870
25,5183733781
26,5183841716
27,5183938490
28,5184240184
29,5184034660
30,5184412956
31,5184894293
32,5184502135
33,5185041329
34,5185031536
35,5185479970
36,5185218579
37,5185846532
38,5186011379
39,5193014591
40,5186517872
41,5186532315
42,5190232497
43,5186060925
44,5187153127
45,5189634929
46,5190849079
47,5189899545
48,5187218443
49,5186232138
-1, 259148653519
