id,time
0,4980847498
1,4980623124
2,4980664829
3,4980424846
4,4980454158
5,4980398022
6,4980471167
7,4980502094
8,4980053983
9,4981685203
10,4981663477
11,4981364067
12,4981344956
13,4980868630
14,4981349656
15,4981324034
16,4981597261
17,4980925550
18,4981383029
19,4981439663
20,4980948003
21,4980894481
22,4981342079
23,4981859800
24,4981697222
25,4982617956
26,4982758179
27,4984140242
28,4984380799
29,4987746061
30,4989070789
31,4988328891
32,4987141850
33,4987801549
34,4989764361
35,4988860458
36,5006482309
37,5018170921
38,5004261755
39,4986051573
40,4989767314
41,4988248592
42,4984866585
43,4986667011
44,4985388551
45,4988377371
46,4986122243
47,4986529061
48,4988055972
49,4987579321
-1, 249265309482
