id,time
0,5157985864
1,5140508748
2,5127437945
3,5179409632
4,5177004596
5,5158806687
6,5179302215
7,5178656040
8,5190369636
9,5187870205
10,5189124341
11,5184957927
12,5187170899
13,5186372389
14,5189202789
15,5186828613
16,5187020128
17,5192610382
18,5191013984
19,5191839989
20,5192597308
21,5192071140
22,5191693573
23,5192771351
24,5193517331
25,5194130960
26,5197125750
27,5198323736
28,5202905952
29,5198711726
30,5200514901
31,5196658400
32,5199836450
33,5199364911
34,5201163832
35,5194627280
36,5195129217
37,5196690974
38,5194445875
39,5196826534
40,5194999581
41,5195052714
42,5196693308
43,5202415746
44,5201854844
45,5200294132
46,5200067562
47,5198574697
48,5203573837
49,5197102553
-1, 259483232592
