id,time
0,5141543563
1,5140970671
2,5137155824
3,5137620439
4,5139920845
5,5134994925
6,5136266401
7,5140816699
8,5134702149
9,5137180836
10,5137723426
11,5136565619
12,5136116878
13,5136550989
14,5136536521
15,5133802918
16,5135766602
17,5133325133
18,5135890109
19,5133546548
20,5134992078
21,5148106121
22,5143677920
23,5142451733
24,5148827144
25,5151185246
26,5152427210
27,5182028270
28,5156668216
29,5153039301
30,5180517217
31,5154497626
32,5156875386
33,5158843543
34,5154736037
35,5162146836
36,5159996874
37,5178119420
38,5167612781
39,5186818920
40,5186219205
41,5189439973
42,5189309623
43,5182702018
44,5197768868
45,5186990881
46,5191940756
47,5188640088
48,5185678886
49,5191401755
-1, 257800659783
