id,time
0,5173099149
1,5166216543
2,5168272074
3,5171146232
4,5165354591
5,5170957663
6,5172555647
7,5167601350
8,5172614342
9,5170410359
10,5165969559
11,5170267198
12,5167349076
13,5172642631
14,5169910407
15,5165967905
16,5169453405
17,5165867063
18,5167140464
19,5167957027
20,5166362944
21,5161357203
22,5174024955
23,5173746734
24,5173107303
25,5174025223
26,5174056312
27,5174188124
28,5174060436
29,5174768105
30,5174454047
31,5174592062
32,5175165535
33,5184085549
34,5183190661
35,5177652289
36,5177032374
37,5174936100
38,5179682990
39,5179156633
40,5178432905
41,5178343666
42,5176239071
43,5178401412
44,5178747123
45,5179170542
46,5177455605
47,5198845860
48,5181339808
49,5175898030
-1, 258683274965
