id,time
0,4973353465
1,4973056278
2,4973289866
3,4973349695
4,4973181926
5,4973058501
6,4972714235
7,4972819500
8,4973170875
9,4972751904
10,4972043014
11,4972934685
12,4972376258
13,4971255522
14,4972050397
15,4972904102
16,4972441107
17,4972428821
18,4972329224
19,4973126347
20,4971888762
21,4972012270
22,4971386371
23,4972187880
24,4973377443
25,4973652364
26,4973881584
27,4973934196
28,4973838101
29,4973729280
30,4973940502
31,4974004197
32,4974011409
33,4974117663
34,4976218891
35,4974969048
36,4975902475
37,4975733410
38,4974609633
39,4976620253
40,4974604739
41,4975716219
42,4976959444
43,4980597263
44,4980186904
45,4980396958
46,4979039664
47,4979870948
48,4979336651
49,4977935470
-1, 248719298236
