id,time
0,5159326526
1,5138352069
2,5124345137
3,5187724346
4,5185154603
5,5185071321
6,5187233906
7,5183164581
8,5182749689
9,5190177585
10,5188025627
11,5189071933
12,5189401180
13,5187927607
14,5187765238
15,5190057163
16,5189280777
17,5188025772
18,5189764724
19,5191268315
20,5191228266
21,5190302451
22,5191009915
23,5190303407
24,5191378266
25,5191455900
26,5192259465
27,5191503092
28,5192530591
29,5192753157
30,5192352157
31,5192624987
32,5192318640
33,5193422610
34,5193697512
35,5192944276
36,5194124809
37,5193721348
38,5195340005
39,5194413761
40,5194393084
41,5196026154
42,5196668987
43,5195512404
44,5194218712
45,5202132509
46,5194782734
47,5195479692
48,5199434307
49,5195623467
-1, 259427847391
