id,time
0,5142735596
1,5117624804
2,5141896351
3,5142169873
4,5142370758
5,5140029721
6,5141153692
7,5141474087
8,5136336594
9,5155229773
10,5148572069
11,5151220560
12,5145224294
13,5148841647
14,5154299914
15,5143613760
16,5153123718
17,5144266723
18,5149003646
19,5153274508
20,5145754855
21,5151650287
22,5145417627
23,5153652345
24,5155725196
25,5155852325
26,5156253340
27,5157999756
28,5156897534
29,5159102640
30,5157820748
31,5160771188
32,5161664154
33,5162798958
34,5163076252
35,5164693290
36,5164366188
37,5164454369
38,5170315250
39,5164950734
40,5171318366
41,5171879215
42,5174554819
43,5183195307
44,5169723876
45,5166246165
46,5178028253
47,5170514000
48,5165680472
49,5166516759
-1, 257783339380
