id,time
0,5200750001
1,5175715867
2,5198985830
3,5198356600
4,5199369816
5,5197919416
6,5099719250
7,5194296100
8,5195990851
9,5199670161
10,5196623843
11,5199460673
12,5200634809
13,5198725118
14,5196814290
15,5199857827
16,5200530770
17,5198945684
18,5197212816
19,5198484943
20,5200464541
21,5200125929
22,5200229815
23,5200201547
24,5197346811
25,5200817303
26,5200865283
27,5203642160
28,5200883828
29,5205316582
30,5203269169
31,5203692782
32,5201772487
33,5202970305
34,5202402929
35,5202233007
36,5203767713
37,5203201168
38,5204982313
39,5201414593
40,5204075810
41,5206445895
42,5201372346
43,5204306756
44,5206162352
45,5205594503
46,5201141003
47,5208571668
48,5208525868
49,5205694484
-1, 259939558637
