id,time
0,5169247693
1,5158434901
2,5166219601
3,5161992968
4,5167209456
5,5166229653
6,5164961350
7,5165332521
8,5168067314
9,5169041930
10,5168371870
11,5170176148
12,5169786217
13,5175319299
14,5171186033
15,5174472024
16,5170799703
17,5170631012
18,5174615950
19,5173252163
20,5177990733
21,5177953237
22,5176296877
23,5177688258
24,5177085705
25,5178075388
26,5187120226
27,5180416901
28,5185763360
29,5191049995
30,5183752551
31,5183310138
32,5184321301
33,5181170231
34,5181425777
35,5178100156
36,5187086407
37,5179776415
38,5179838800
39,5183562416
40,5194302349
41,5190222790
42,5203392661
43,5204862398
44,5199234952
45,5190498495
46,5184039021
47,5185136612
48,5202792227
49,5184232619
-1, 258945852497
