id,time
0,5023165713
1,4949763943
2,5021175258
3,5022760202
4,5022824823
5,5022977285
6,5023124129
7,5022993811
8,5022819896
9,5022923249
10,5022458957
11,5023124928
12,5023129263
13,5022978738
14,5022437380
15,5023020636
16,5022443223
17,5023485853
18,5023373868
19,5023429683
20,5023254967
21,5023472300
22,5023334131
23,5023590614
24,5023657916
25,5023661982
26,5023823443
27,5026668347
28,5024435943
29,5025756828
30,5024109949
31,5024382143
32,5024571304
33,5024122966
34,5024803712
35,5023941589
36,5024019337
37,5025574529
38,5024384139
39,5028655807
40,5023866312
41,5025313456
42,5024086868
43,5024430222
44,5024217604
45,5024056156
46,5023961132
47,5024062538
48,5025275614
49,5024135361
-1, 251118040649
