id,time
0,5053625297
1,4800236378
2,5000785768
3,5044971467
4,5053386531
5,5053122641
6,5053563602
7,5053346059
8,5053066083
9,5053235122
10,5053073584
11,5052577155
12,5054650891
13,5054309696
14,5054474403
15,5053902020
16,5053851946
17,5054245219
18,5054219436
19,5054763901
20,5054715754
21,5054721666
22,5054858154
23,5054839947
24,5054873306
25,5054965139
26,5055199241
27,5054974638
28,5055002465
29,5055336713
30,5055927613
31,5055499139
32,5064390791
33,5056042424
34,5056532750
35,5055355230
36,5055825037
37,5055403078
38,5055339297
39,5059174962
40,5057763552
41,5056420273
42,5055435612
43,5055345428
44,5055399046
45,5056832793
46,5055655077
47,5055925778
48,5057791957
49,5060422065
-1, 252445379680
