id,time
0,4987085575
1,4531608036
2,4975894873
3,4946962255
4,4986679573
5,4986923922
6,4986622236
7,5030205789
8,5030112780
9,5029573142
10,5030198261
11,5029818584
12,5030196417
13,5030021484
14,5030072660
15,4997978534
16,5008912714
17,5030758156
18,5030375642
19,5030672121
20,5030384302
21,5030652564
22,5030452740
23,5030591058
24,5030357372
25,5030798282
26,5031022379
27,5031059702
28,5031164439
29,5032197061
30,5031365499
31,5033208705
32,5031365341
33,5033026769
34,5031439698
35,5034033487
36,5032964359
37,5031225645
38,5033579289
39,5034224310
40,5035427140
41,5034883993
42,5034663520
43,5036251401
44,5034816800
45,5034771727
46,5035174663
47,5036111631
48,6425600851
49,7249730238
-1, 254333220636
