id,time
0,4987263205
1,4973595431
2,4985072010
3,4978462866
4,4982292275
5,4979100927
6,4978714066
7,4978442596
8,4979491471
9,4979269550
10,4979185261
11,4980612705
12,4978753763
13,4978648314
14,4978870470
15,4978054500
16,4978670187
17,4980251807
18,4979171385
19,4979529471
20,4978917069
21,4987828519
22,4987564675
23,4987828556
24,4987831572
25,4987947749
26,4988180088
27,4988480878
28,4988238280
29,4988564646
30,4988461971
31,4988538488
32,4988464254
33,4988569981
34,4992364793
35,4989919518
36,4988979215
37,4988683578
38,5032120702
39,5033788919
40,4988910125
41,4988762578
42,5034750011
43,5034017101
44,5033907523
45,5034335901
46,5034292051
47,4989003663
48,5018331912
49,4991407031
-1, 249592448005
