id,time
0,5140699820
1,5122386308
2,5129272934
3,5130543078
4,5126743429
5,5126996554
6,5137516818
7,5136725807
8,5131467201
9,5133906102
10,5138673134
11,5129686203
12,5132871283
13,5132840128
14,5126152270
15,5130300538
16,5138757676
17,5131802828
18,5127291152
19,5131941226
20,5150433088
21,5145958659
22,5142604419
23,5152293192
24,5153523124
25,5153676264
26,5157289532
27,5157081486
28,5157334240
29,5163152914
30,5162241219
31,5159603736
32,5163052831
33,5155583993
34,5161513640
35,5162392960
36,5163995609
37,5165113890
38,5166812800
39,5165897663
40,5163842320
41,5163871968
42,5170039003
43,5168369774
44,5167790533
45,5167965541
46,5171826699
47,5170638975
48,5171759218
49,5168835742
-1, 257481072721
