id,time
0,5170974306
1,5168305397
2,5133387290
3,5168113084
4,5170951947
5,5174421169
6,5172782959
7,5171404873
8,5173215065
9,5171729322
10,5171640936
11,5173085726
12,5171237081
13,5172802653
14,5173651558
15,5173686899
16,5172341693
17,5174134375
18,5175640547
19,5175213745
20,5174665880
21,5175329804
22,5174440164
23,5174713484
24,5174434789
25,5175682819
26,5175799917
27,5176427023
28,5179541678
29,5176311545
30,5176934110
31,5177150593
32,5178166866
33,5176307195
34,5177034117
35,5179540784
36,5176200078
37,5178119196
38,5175822163
39,5176985357
40,5176361380
41,5178351306
42,5183310340
43,5179805723
44,5180537735
45,5182531328
46,5181614867
47,5181130808
48,5180947725
49,5182266540
-1, 258745188926
