id,time
0,5162112063
1,5158529560
2,5157537908
3,5156702726
4,5159181382
5,5161943313
6,5157421946
7,5159887038
8,5156399209
9,5155425983
10,5156500977
11,5164277077
12,5162259225
13,5162135285
14,5164273481
15,5162283442
16,5162833587
17,5170962065
18,5165493183
19,5164597547
20,5165659992
21,5167830526
22,5165761833
23,5166244005
24,5171543932
25,5171764206
26,5172619019
27,5173870418
28,5176288033
29,5179339849
30,5180039907
31,5185710893
32,5183071459
33,5182425082
34,5179178612
35,5183417042
36,5187045855
37,5197584227
38,5200825086
39,5187428075
40,5187271934
41,5192610746
42,5190184986
43,5190580229
44,5187892260
45,5194629545
46,5192731413
47,5189093824
48,5192029923
49,5187451940
-1, 258702884911
