id,time
0,5200854597
1,5164758415
2,5198524295
3,5196217909
4,5199773760
5,5198776084
6,5198641224
7,5200160595
8,5103419744
9,5199284255
10,5198833953
11,5199076800
12,5197844199
13,5198316502
14,5195627033
15,5196732622
16,5200811431
17,5195980820
18,5195234566
19,5196123191
20,5199842400
21,5201204497
22,5200930119
23,5201074537
24,5201258037
25,5201274686
26,5201320676
27,5201923158
28,5202206514
29,5201559207
30,5201527076
31,5201670291
32,5202466467
33,5202670566
34,5202405607
35,5202702251
36,5203779479
37,5207315842
38,5203011972
39,5204669946
40,5204192584
41,5205090803
42,5208877210
43,5203039718
44,5203957128
45,5205588613
46,5203533102
47,5203452759
48,5206881738
49,5204504585
-1, 259928926050
